Loop0-beta_i4,0.03605104926645186
Loop0-beta_i5,0.055809340139609254
Loop0-beta_i6,0.06453201771961525
Loop0-beta_i7,-0.0163376211298214
Loop0-beta_i8,0.0581657781146645
Loop0-beta_i9,0.03741834063678162
Loop0-beta_r2,0.00929312944654559
Loop0-beta_r3,0.08570380146739048
Loop0-beta_r4,0.1183435520086924
Loop0-beta_r5,0.08420438742291614
Loop0-beta_r6,0.04119922062539816
Loop0-beta_r7,-0.08500701998082039
Loop0-beta_r8,0.07407295914418979
Loop0-beta_r9,0.008076193077069194
Loop0-d_k1,0.0017883974064112351
Loop0-d_k2,0.04835968974804379
Loop0-d_k3,-0.02561198445878332
Loop0-d_k4,-0.0245361026956723
Loop0-theta0,0.22234795314683564
Loop0-theta1,0.18251973509345254
Loop0-theta2,0.03915501785680231
Loop0-theta3,0.14040171796153034
Loop0-theta4,-0.17171688590487977
Loop0-theta5,-0.19940047967997532
Loop0-theta6,0.3070512544620273
Loop0-theta7,0.19104479165466692
Loop0-theta8,-0.008337137828649643
Loop0-theta9,0.012742248853746974
Loop0-theta10,0.13249432370191716
Loop0-theta11,0.18251220914091915
Loop0-theta12,-0.28955589433010326
Loop0-theta13,0.14833309872094946
Loop0-theta14,0.10073336977678568
Loop0-theta15,0.02705844381626199
Loop0-theta16,-0.08897567866290046
Loop0-theta17,0.32462337691162024
Loop0-theta18,0.0076309741850903445
Loop0-theta19,0.18052573074681533
Loop0-theta20,0.23118023380841257
Loop0-theta21,-0.027110717181996646
Loop0-theta22,0.07540116294515764
Loop0-theta23,0.4424428917999421
Loop0-theta24,-0.013635897841764777
Loop0-theta25,-0.0440513049352963
Loop0-theta26,0.08459497867768162
Loop0-theta27,0.0551535519985103
Loop0-theta28,0.18938507619770717
Loop0-theta29,-0.0949054664986182
Loop0-theta30,-0.034986384736584775
Loop0-theta31,0.17214967942002735
Loop0-theta32,-0.1273538719934884
Loop0-theta33,-0.026182416185945745
Loop0-theta34,0.06898998057756744
Loop0-theta35,-0.01631735246657129
Loop0-theta36,-0.1537893174322882
Loop0-theta37,0.0766351763330746
Loop0-theta38,0.04266788486918649
Loop0-theta39,-0.26630223812126497
Loop0-theta40,0.026524572591604123
Loop0-theta41,0.22850434947059362
Loop0-theta42,-0.046714031494100694
Loop0-theta43,-0.02033286980298296
Loop0-theta44,-0.18307601375910476
Loop0-theta45,0.22738524610860597
Loop0-theta46,0.0815615595446691
Loop0-theta47,0.21868937170672442
Loop0-theta48,0.27612952996439544
Loop0-theta49,0.32203267442621586
Loop0-theta50,0.21553996604360898
Loop0-theta51,-0.07606289582593595
Loop0-theta52,0.03970093951340439
Loop0-theta53,0.17222289655771195
Loop0-theta54,0.01745796869605587
Loop0-theta55,0.1540385375563343
Loop0-theta56,0.15339303016404443
Loop0-theta57,0.17977684789556414
Loop0-theta58,0.2494457867884441
Loop0-theta59,0.2833771726324829
Loop0-theta60,0.3089728939579637
Loop0-theta61,0.057403105376501895
Loop0-theta62,0.05234095958790841
Loop0-theta63,0.08952728696122148
Loop0-theta64,0.009428452497174618
Loop0-theta65,0.1549641766538612
Loop0-theta66,0.13539523873707826
Loop0-theta67,0.04464971829392772
Loop0-theta68,0.1459421826504792
Loop0-theta69,0.35019880470897213
Loop0-theta70,0.021613490024282367
Loop0-theta71,-0.06423327887045727
Loop0-theta72,-0.04667862097110431
Loop0-theta73,-0.05052101386060326
Loop0-theta74,-0.0303174736548788
Loop0-theta75,-0.09261862633096662
Loop0-theta76,-0.04468266932567508
Loop0-theta77,0.04794317165380846
Loop0-theta78,0.07834885825744475
Loop0-theta79,0.015783708655479067
Loop0-theta80,0.006354973230841332
Loop0-theta81,0.17632556324683968
Loop0-theta82,0.09530014777589224
Loop0-theta83,-0.09429575367886306
Loop0-theta84,0.08456342037823703
Loop0-theta85,0.260494904081328
Loop0-theta86,0.0910055264903904
Loop0-theta87,-0.0014701937223863815
Loop0-theta88,0.02860250395254582
Loop0-theta89,-0.11093065984328698
Loop0-theta90,0.11524214439938207
Loop0-theta91,0.006501106728548367
Loop0-theta92,-0.03859362831543073
Loop0-theta93,0.12965751413229143
Loop0-theta94,-0.07070379754847626
Loop0-theta95,0.037061836842038676
Loop0-theta96,0.18666505838507663
Loop0-theta97,0.026576675762881252
Loop0-theta98,-0.051866124079054554
Loop0-theta99,0.11933251545400314
Loop1-beta_i4,0.08444774648930942
Loop1-beta_i5,0.0026055309048198527
Loop1-beta_i6,0.09531479968238332
Loop1-beta_i7,0.07500357485168307
Loop1-beta_i8,0.07172543839321843
Loop1-beta_i9,-0.031345072419754594
Loop1-beta_r2,0.029464692829426598
Loop1-beta_r3,-0.03802839029307514
Loop1-beta_r4,-0.04548108263124706
Loop1-beta_r5,0.031419884329206615
Loop1-beta_r6,0.03509281128932096
Loop1-beta_r7,0.035847121976442076
Loop1-beta_r8,0.058864693108950705
Loop1-beta_r9,-0.05603994900989062
Loop1-d_k1,0.08438005790502445
Loop1-d_k2,0.006227243904023294
Loop1-d_k3,-0.03041387696180954
Loop1-d_k4,-0.06019342484723911
Loop1-theta0,0.24095663974826526
Loop1-theta1,0.23364732800282137
Loop1-theta2,-0.15821150325779776
Loop1-theta3,0.03552267602869574
Loop1-theta4,-0.12299409663425442
Loop1-theta5,-0.11167762094796108
Loop1-theta6,-0.03697440739291036
Loop1-theta7,-0.2165147726556741
Loop1-theta8,0.30726118067761954
Loop1-theta9,0.24902359797609586
Loop1-theta10,-0.10481210977786448
Loop1-theta11,-0.2735036904642172
Loop1-theta12,0.05463066720972909
Loop1-theta13,-0.18716953620068
Loop1-theta14,-0.0046570014805018545
Loop1-theta15,-0.16320243334317242
Loop1-theta16,0.08908925871405886
Loop1-theta17,-0.013749447444838636
Loop1-theta18,0.0814063295208105
Loop1-theta19,0.26492868566567107
Loop1-theta20,0.2208743726820872
Loop1-theta21,0.07917309311168852
Loop1-theta22,0.15478668372736748
Loop1-theta23,0.03272920123921286
Loop1-theta24,0.08595372094591869
Loop1-theta25,0.11892717426110777
Loop1-theta26,0.1896020028092773
Loop1-theta27,-0.03333373591244193
Loop1-theta28,0.5263026511352109
Loop1-theta29,0.1410212709341816
Loop1-theta30,0.009776085419689967
Loop1-theta31,0.046645340308437255
Loop1-theta32,0.009366921815667006
Loop1-theta33,-0.04196249455331558
Loop1-theta34,0.20707357543475313
Loop1-theta35,0.09048433584561622
Loop1-theta36,0.043091540923227534
Loop1-theta37,-0.13022422843167158
Loop1-theta38,0.05286532486122347
Loop1-theta39,-0.1543857496213925
Loop1-theta40,-0.04743721719074881
Loop1-theta41,-0.12415372336353725
Loop1-theta42,-0.2627939054258075
Loop1-theta43,-0.14990946573481345
Loop1-theta44,0.14864112212012892
Loop1-theta45,0.028277531481154666
Loop1-theta46,0.24147346843209228
Loop1-theta47,0.025325241779605934
Loop1-theta48,-0.00828573048990533
Loop1-theta49,0.3372901463369007
Loop1-theta50,0.2524951866240004
Loop1-theta51,0.03968827449135079
Loop1-theta52,-0.10364768340367436
Loop1-theta53,0.16178587888565887
Loop1-theta54,0.3219163249340328
Loop1-theta55,0.04829950352056739
Loop1-theta56,-0.053349857686254
Loop1-theta57,-0.004277035476099034
Loop1-theta58,0.08752788261354144
Loop1-theta59,0.014436935650283034
Loop1-theta60,-0.11050389195046706
Loop1-theta61,-0.12263998343137161
Loop1-theta62,0.3532536319358043
Loop1-theta63,0.12896203202807754
Loop1-theta64,0.10175740279554435
Loop1-theta65,0.06849690205150871
Loop1-theta66,0.1969964749849309
Loop1-theta67,-0.02730316591529966
Loop1-theta68,-0.17743160294083804
Loop1-theta69,0.11932542963732531
Loop1-theta70,0.27303801187281307
Loop1-theta71,0.22495074529013448
Loop1-theta72,-0.14299576273271658
Loop1-theta73,0.06293308053102353
Loop1-theta74,0.015567818741183514
Loop1-theta75,-0.272603756640448
Loop1-theta76,-0.10714176088799476
Loop1-theta77,-0.00233468298300199
Loop1-theta78,-0.08266102001435136
Loop1-theta79,0.12649068997057356
Loop1-theta80,0.05232847494760273
Loop1-theta81,-0.01934744036297542
Loop1-theta82,-0.0046104457799496235
Loop1-theta83,0.05402878226165733
Loop1-theta84,0.07865502759500798
Loop1-theta85,0.11611346470122097
Loop1-theta86,-0.15237357660815953
Loop1-theta87,0.17583177903998365
Loop1-theta88,0.06141187820056582
Loop1-theta89,0.18822596453052926
Loop1-theta90,-0.09159076311089631
Loop1-theta91,0.04004007493079875
Loop1-theta92,0.06918103988267377
Loop1-theta93,0.13355527126558642
Loop1-theta94,0.23435854116855248
Loop1-theta95,-0.1399537891409659
Loop1-theta96,0.06072263465786687
Loop1-theta97,-0.10072193798862156
Loop1-theta98,-0.1785981225740333
Loop1-theta99,0.1862407971105413
Loop2-beta_i4,0.09722844385160756
Loop2-beta_i5,0.08416849566799328
Loop2-beta_i6,0.035373251272554085
Loop2-beta_i7,0.022900522910857868
Loop2-beta_i8,-0.02006785406232514
Loop2-beta_i9,-0.01044175013154569
Loop2-beta_r2,0.0586213231545345
Loop2-beta_r3,0.14419250243305148
Loop2-beta_r4,0.07076803941668897
Loop2-beta_r5,0.09108725068445045
Loop2-beta_r6,0.0012197262260112418
Loop2-beta_r7,0.006966417039044659
Loop2-beta_r8,0.047501340678097304
Loop2-beta_r9,0.03080708839147568
Loop2-d_k1,-0.004599605372421434
Loop2-d_k2,-0.04522112591242328
Loop2-d_k3,0.07521289467251402
Loop2-d_k4,-0.025392163387669697
Loop2-theta0,0.07230946332377178
Loop2-theta1,0.2437245762482092
Loop2-theta2,-0.05387482590461401
Loop2-theta3,-0.12661933088317995
Loop2-theta4,0.23860083312445013
Loop2-theta5,-0.011125986730554038
Loop2-theta6,0.17511051778809994
Loop2-theta7,0.020498366751148023
Loop2-theta8,0.3304583318502099
Loop2-theta9,0.2751685201212658
Loop2-theta10,0.09250397557535561
Loop2-theta11,0.15100397462069437
Loop2-theta12,0.04000338769945844
Loop2-theta13,-0.06383772170482283
Loop2-theta14,-0.026837691988131906
Loop2-theta15,0.06496936108102735
Loop2-theta16,-0.016784280850218658
Loop2-theta17,-0.06819389646373986
Loop2-theta18,-0.06024401721515171
Loop2-theta19,0.20251708473419927
Loop2-theta20,-0.07375551016320836
Loop2-theta21,0.2629414588104254
Loop2-theta22,-0.036142126412516795
Loop2-theta23,0.0027247545134098383
Loop2-theta24,-0.05107525057976048
Loop2-theta25,0.12017903639019156
Loop2-theta26,-0.030281397087168815
Loop2-theta27,0.10076068603617405
Loop2-theta28,0.12114185403206855
Loop2-theta29,0.0017503784857824667
Loop2-theta30,0.11545729409889494
Loop2-theta31,0.19378607498475553
Loop2-theta32,0.24031271362292816
Loop2-theta33,0.21394059332973536
Loop2-theta34,0.09602823798651139
Loop2-theta35,0.04928600046797249
Loop2-theta36,0.22698615099790342
Loop2-theta37,0.13487217668746054
Loop2-theta38,0.027560301850990343
Loop2-theta39,0.37966379075910783
Loop2-theta40,0.21607547536171712
Loop2-theta41,0.2222282990179134
Loop2-theta42,-0.055045911945501624
Loop2-theta43,0.11626470476833137
Loop2-theta44,0.07794657472674182
Loop2-theta45,0.0850212422547525
Loop2-theta46,0.098896013544579
Loop2-theta47,0.060170861581820834
Loop2-theta48,0.09400403440757565
Loop2-theta49,4.159603020528202E-4
Loop2-theta50,0.06315001066025383
Loop2-theta51,-0.11787016765467018
Loop2-theta52,0.11931716400851233
Loop2-theta53,0.12508896364587652
Loop2-theta54,0.17766279578677946
Loop2-theta55,0.12201353411020471
Loop2-theta56,0.08166611162719573
Loop2-theta57,-0.2828187885253788
Loop2-theta58,-0.08268488679189079
Loop2-theta59,0.03616672365066925
Loop2-theta60,-0.05782309307042266
Loop2-theta61,0.1585266539267114
Loop2-theta62,-0.06545017606186387
Loop2-theta63,0.04477374198706752
Loop2-theta64,0.3176993576809215
Loop2-theta65,-0.046638615020171637
Loop2-theta66,0.11937134193134052
Loop2-theta67,-0.010291230987363509
Loop2-theta68,0.03214024375271318
Loop2-theta69,0.18637403983366574
Loop2-theta70,-0.0700517070815343
Loop2-theta71,0.21815953676706784
Loop2-theta72,0.03225741491088335
Loop2-theta73,-0.08333962714470124
Loop2-theta74,0.20939618103571833
Loop2-theta75,0.11145203173645224
Loop2-theta76,0.1767625442911276
Loop2-theta77,0.02400188896217814
Loop2-theta78,0.12612129011371925
Loop2-theta79,0.15029438342163992
Loop2-theta80,-0.06059584686174169
Loop2-theta81,-0.04444092019249579
Loop2-theta82,0.14416136758261577
Loop2-theta83,0.028667357040552788
Loop2-theta84,0.07212808003170879
Loop2-theta85,0.1923069219122536
Loop2-theta86,0.027484995617982122
Loop2-theta87,-0.052875536087395925
Loop2-theta88,-0.10535684929849307
Loop2-theta89,0.0032131598488378543
Loop2-theta90,0.09639683117731446
Loop2-theta91,0.08116144640799705
Loop2-theta92,-0.1939573929982534
Loop2-theta93,0.17980658549275663
Loop2-theta94,-0.11542570937338537
Loop2-theta95,0.13413854582135065
Loop2-theta96,0.03728077014472253
Loop2-theta97,-0.12553123977940656
Loop2-theta98,0.2134446000236922
Loop2-theta99,0.05715251218034256
Loop3-beta_i4,-0.013380972775781874
Loop3-beta_i5,0.007274626869590295
Loop3-beta_i6,0.01548600356152563
Loop3-beta_i7,-0.005494854606054034
Loop3-beta_i8,0.023575485903466364
Loop3-beta_i9,0.03343687935527839
Loop3-beta_r2,0.051546299390665684
Loop3-beta_r3,0.11377712667704487
Loop3-beta_r4,0.006689061356432741
Loop3-beta_r5,0.06146390098009985
Loop3-beta_r6,0.0675714368207826
Loop3-beta_r7,0.08629557579282238
Loop3-beta_r8,0.136005554457182
Loop3-beta_r9,0.0850233339134866
Loop3-d_k1,0.06191694360632205
Loop3-d_k2,-0.05894300229586255
Loop3-d_k3,0.016425012166906394
Loop3-d_k4,-0.019398953477365755
Loop3-theta0,0.29820429495843426
Loop3-theta1,0.1450670481700438
Loop3-theta2,0.02463985286489845
Loop3-theta3,0.32401186727345177
Loop3-theta4,0.11183375442375199
Loop3-theta5,-0.037641846979347915
Loop3-theta6,-0.07875163843123045
Loop3-theta7,0.011277242157168188
Loop3-theta8,0.1328360318713918
Loop3-theta9,-0.07670959989013446
Loop3-theta10,0.09098112868328152
Loop3-theta11,-0.02672795663885985
Loop3-theta12,0.025731564801110496
Loop3-theta13,0.05043443692682226
Loop3-theta14,0.18792339080677056
Loop3-theta15,0.21160510524298992
Loop3-theta16,0.22706236176701367
Loop3-theta17,-0.03337133108496909
Loop3-theta18,0.03854699822860064
Loop3-theta19,0.022854357825806138
Loop3-theta20,0.2993408205748669
Loop3-theta21,0.19941599070392546
Loop3-theta22,0.10150803476842607
Loop3-theta23,0.1522581747533356
Loop3-theta24,0.22186523471617647
Loop3-theta25,-0.24437801555432737
Loop3-theta26,0.3135094171113626
Loop3-theta27,0.015028909570067361
Loop3-theta28,0.22077001914379668
Loop3-theta29,-0.03079918482647348
Loop3-theta30,0.10784751038092727
Loop3-theta31,-0.0031883138016617907
Loop3-theta32,0.2182200285630067
Loop3-theta33,0.08096984626109349
Loop3-theta34,0.15109033400734473
Loop3-theta35,0.14562865724673174
Loop3-theta36,0.10340238477025349
Loop3-theta37,0.07565208336655171
Loop3-theta38,0.19758478557145587
Loop3-theta39,0.1830631717807385
Loop3-theta40,-0.12127804834444667
Loop3-theta41,0.24625389527340658
Loop3-theta42,0.018907466170329915
Loop3-theta43,0.015136483118409316
Loop3-theta44,0.07652180076633885
Loop3-theta45,-0.06141456748285756
Loop3-theta46,-0.20649982572698433
Loop3-theta47,-0.01388665461350791
Loop3-theta48,0.05548942806128787
Loop3-theta49,-0.1029183092203686
Loop3-theta50,-0.05331770256853474
Loop3-theta51,0.17335049772222466
Loop3-theta52,0.19035501270770339
Loop3-theta53,0.05524189416599551
Loop3-theta54,0.1590183445179626
Loop3-theta55,-0.1060977907217131
Loop3-theta56,0.2570170505625504
Loop3-theta57,0.1268969176775484
Loop3-theta58,-0.21531037190478874
Loop3-theta59,-0.025050132742738374
Loop3-theta60,0.06369430213802374
Loop3-theta61,0.06473102257836028
Loop3-theta62,0.07145405282069162
Loop3-theta63,0.13314724527028998
Loop3-theta64,0.1529473404811204
Loop3-theta65,0.18930783337838805
Loop3-theta66,0.30861053592210697
Loop3-theta67,0.07480876397355818
Loop3-theta68,0.13389592662272826
Loop3-theta69,0.13583654173978
Loop3-theta70,0.022838356688158035
Loop3-theta71,0.05384926054822359
Loop3-theta72,-0.1737262905274688
Loop3-theta73,-0.13377784289066888
Loop3-theta74,-0.05829748341833185
Loop3-theta75,-0.13511609094071253
Loop3-theta76,0.09370181611370909
Loop3-theta77,-0.03101218257474092
Loop3-theta78,0.313720432588508
Loop3-theta79,0.07436476762386746
Loop3-theta80,0.2918148885439179
Loop3-theta81,0.27045614782692917
Loop3-theta82,0.36363743409286675
Loop3-theta83,0.2327214913614788
Loop3-theta84,0.11612655403790284
Loop3-theta85,0.0660680183113389
Loop3-theta86,6.368081022083971E-4
Loop3-theta87,0.13345815368884978
Loop3-theta88,-0.012470121250669708
Loop3-theta89,0.13824774899400438
Loop3-theta90,-0.017488256791149237
Loop3-theta91,-0.12218786566067258
Loop3-theta92,0.22221679109235426
Loop3-theta93,0.14992958340182594
Loop3-theta94,0.1135682508815733
Loop3-theta95,0.15558391062326182
Loop3-theta96,-0.11390901902968933
Loop3-theta97,0.03810330111550393
Loop3-theta98,0.10557252543504914
Loop3-theta99,0.09126068691389272
Loop4-beta_i4,0.0991055402420169
Loop4-beta_i5,0.09200268024043648
Loop4-beta_i6,0.02306264902270483
Loop4-beta_i7,0.021560897458743622
Loop4-beta_i8,0.08539065885326033
Loop4-beta_i9,-0.006659913055826305
Loop4-beta_r2,0.051594138619546315
Loop4-beta_r3,0.015430754870942476
Loop4-beta_r4,0.026782712607623438
Loop4-beta_r5,0.017782819045010445
Loop4-beta_r6,-0.010111728366254513
Loop4-beta_r7,0.03772323224292251
Loop4-beta_r8,0.03668031950447481
Loop4-beta_r9,0.0364013260766205
Loop4-d_k1,0.008792289741405224
Loop4-d_k2,-0.0355719131296557
Loop4-d_k3,0.08811955666353843
Loop4-d_k4,-0.06133993327528797
Loop4-theta0,0.34122854813883774
Loop4-theta1,0.07012561735644007
Loop4-theta2,0.14490298776640137
Loop4-theta3,-0.09432342303955177
Loop4-theta4,0.17110307062530306
Loop4-theta5,0.036633394684344456
Loop4-theta6,0.12908022861939517
Loop4-theta7,-0.2107286919395816
Loop4-theta8,0.36102263725555517
Loop4-theta9,0.029882755161680152
Loop4-theta10,0.027935188270120093
Loop4-theta11,0.037181198106366
Loop4-theta12,0.19532122552749742
Loop4-theta13,0.2754922788981516
Loop4-theta14,-0.013231332421736797
Loop4-theta15,-0.09083168050973342
Loop4-theta16,-0.03581174432094403
Loop4-theta17,0.2680823191848942
Loop4-theta18,0.22978787852285332
Loop4-theta19,0.0848731192933033
Loop4-theta20,0.023036590087322173
Loop4-theta21,0.02628230430898426
Loop4-theta22,0.04357462781991872
Loop4-theta23,0.1267470084339679
Loop4-theta24,0.09153576343636494
Loop4-theta25,0.11252476400511746
Loop4-theta26,-0.07369555227522784
Loop4-theta27,0.2780271072540542
Loop4-theta28,-0.004540125109742776
Loop4-theta29,-0.007464154903374154
Loop4-theta30,-0.042432373197341944
Loop4-theta31,0.04461445813529619
Loop4-theta32,0.04359549934695317
Loop4-theta33,0.4242321914211209
Loop4-theta34,0.1305002264527504
Loop4-theta35,0.3635158087815077
Loop4-theta36,-0.09993216511302153
Loop4-theta37,0.22642900087407525
Loop4-theta38,0.14119685809115
Loop4-theta39,-0.020685163639973636
Loop4-theta40,0.15938369784552142
Loop4-theta41,-0.11621263765615275
Loop4-theta42,0.011347870283856087
Loop4-theta43,0.18975065860826323
Loop4-theta44,0.13633573973414834
Loop4-theta45,0.15848516780099864
Loop4-theta46,0.17513476210591794
Loop4-theta47,0.09166979198604652
Loop4-theta48,0.046540171224128124
Loop4-theta49,0.15917468287888115
Loop4-theta50,-0.19183710662804998
Loop4-theta51,0.148776637517538
Loop4-theta52,0.1852768316209018
Loop4-theta53,-0.09473898949559478
Loop4-theta54,0.05798397759882046
Loop4-theta55,0.18298371543698422
Loop4-theta56,0.13462444593948963
Loop4-theta57,0.10509873216908072
Loop4-theta58,0.12365716694167617
Loop4-theta59,-0.06620363019246678
Loop4-theta60,0.39496977119748955
Loop4-theta61,0.1098357802660152
Loop4-theta62,0.1657568026967955
Loop4-theta63,0.11232631701332729
Loop4-theta64,0.0032788142891162497
Loop4-theta65,0.2104260128314781
Loop4-theta66,0.10683226827724734
Loop4-theta67,0.021355854050091105
Loop4-theta68,0.0017866295310960956
Loop4-theta69,-0.12457624946770995
Loop4-theta70,0.051953980966215396
Loop4-theta71,0.02091150791156471
Loop4-theta72,-0.17228422831013468
Loop4-theta73,0.13566674413564161
Loop4-theta74,0.07672901401798127
Loop4-theta75,0.02159319371999502
Loop4-theta76,0.06390689842700173
Loop4-theta77,0.2626361150798052
Loop4-theta78,0.09549548134357339
Loop4-theta79,-0.04459527113962558
Loop4-theta80,0.06982131397314806
Loop4-theta81,0.21970878200624333
Loop4-theta82,0.0918362536481997
Loop4-theta83,0.27333111277586125
Loop4-theta84,0.11416383867511337
Loop4-theta85,0.12592415458104478
Loop4-theta86,-0.06970323593925842
Loop4-theta87,0.11442490004459482
Loop4-theta88,-0.05763325898017374
Loop4-theta89,0.1040514072287042
Loop4-theta90,0.1431250362740224
Loop4-theta91,-0.10559360063694978
Loop4-theta92,0.23950820992612365
Loop4-theta93,-0.06995427993694991
Loop4-theta94,0.0025370007307868314
Loop4-theta95,0.18041058300368196
Loop4-theta96,-0.09707902644910815
Loop4-theta97,0.14875448169097338
Loop4-theta98,0.14485666914061257
Loop4-theta99,0.11740605679366936
Loop5-beta_i4,-0.041030437931208086
Loop5-beta_i5,0.049474218213686916
Loop5-beta_i6,0.03982086500666382
Loop5-beta_i7,0.02425455200798088
Loop5-beta_i8,-0.019538070734491653
Loop5-beta_i9,-0.0052654658022908
Loop5-beta_r2,0.008242908401196347
Loop5-beta_r3,-0.04939790461353215
Loop5-beta_r4,-0.026258056382633066
Loop5-beta_r5,-0.019219788040822472
Loop5-beta_r6,-0.004053376880464921
Loop5-beta_r7,-0.011468257350559286
Loop5-beta_r8,0.007477391689854063
Loop5-beta_r9,-0.059341000645239506
Loop5-d_k1,0.010130926265625728
Loop5-d_k2,-0.005429826714983932
Loop5-d_k3,0.02912631816251665
Loop5-d_k4,-0.033827417713158336
Loop5-theta0,-0.08762400720316188
Loop5-theta1,0.13022205408430376
Loop5-theta2,-0.004176095602263397
Loop5-theta3,0.05221847992095321
Loop5-theta4,-0.017684522315296547
Loop5-theta5,-0.25383286374942116
Loop5-theta6,0.1101128158260517
Loop5-theta7,-0.19313508363172216
Loop5-theta8,0.12945847570428093
Loop5-theta9,0.09422948363294581
Loop5-theta10,-0.03993994091187025
Loop5-theta11,-0.06536493688378653
Loop5-theta12,-0.04867118993184105
Loop5-theta13,0.012370222744237214
Loop5-theta14,-0.009376268488185041
Loop5-theta15,-0.060771650300869506
Loop5-theta16,-0.0659767490941463
Loop5-theta17,-0.09523090024536701
Loop5-theta18,0.1934704194052448
Loop5-theta19,-0.07942475942264071
Loop5-theta20,0.029111878961373128
Loop5-theta21,-0.004343965115834403
Loop5-theta22,0.1077948502849928
Loop5-theta23,-0.08985239914035681
Loop5-theta24,0.12430611250548518
Loop5-theta25,0.016318985091631544
Loop5-theta26,-0.13188460023881854
Loop5-theta27,-0.04172145221898149
Loop5-theta28,0.10123050139112055
Loop5-theta29,-0.09844751162212662
Loop5-theta30,0.008063898142016468
Loop5-theta31,-0.04570990202982539
Loop5-theta32,-0.22365582320740485
Loop5-theta33,0.061025415816195805
Loop5-theta34,-0.10969043835013609
Loop5-theta35,-0.12062783538167579
Loop5-theta36,-0.06383427890875093
Loop5-theta37,0.03729703730609457
Loop5-theta38,0.09206476260682858
Loop5-theta39,0.12250516661561384
Loop5-theta40,-0.01052277750602737
Loop5-theta41,0.042678609415053526
Loop5-theta42,-0.09845730744953607
Loop5-theta43,-0.07255803053970994
Loop5-theta44,0.01835658852638658
Loop5-theta45,-0.17246598199387123
Loop5-theta46,0.1012879944234083
Loop5-theta47,0.09363794728648198
Loop5-theta48,-0.17872615491674781
Loop5-theta49,-0.021484714050632014
Loop5-theta50,0.12299751844360673
Loop5-theta51,0.031499752225556676
Loop5-theta52,0.02114260905127774
Loop5-theta53,-0.2338964302489116
Loop5-theta54,-0.09716054507459804
Loop5-theta55,0.11724952899806337
Loop5-theta56,-0.08320019158627859
Loop5-theta57,0.10920834115027234
Loop5-theta58,-0.19861206860781455
Loop5-theta59,0.08941096840513874
Loop5-theta60,-0.11393338683115362
Loop5-theta61,-0.004077359809037784
Loop5-theta62,0.08460457420070183
Loop5-theta63,0.05229843088772401
Loop5-theta64,-0.010977262176226965
Loop5-theta65,-0.025690438182837283
Loop5-theta66,-0.026206296927246964
Loop5-theta67,-0.14868062483439504
Loop5-theta68,-0.05956291085598009
Loop5-theta69,0.056137729076416676
Loop5-theta70,-0.054432849018237146
Loop5-theta71,0.09490838879976227
Loop5-theta72,-0.04598047014141865
Loop5-theta73,-0.09368579243256431
Loop5-theta74,-0.22734714912886345
Loop5-theta75,-0.09218342571436709
Loop5-theta76,-0.029323488402185238
Loop5-theta77,-0.013295783949095974
Loop5-theta78,0.1403924054201291
Loop5-theta79,0.07756359294360282
Loop5-theta80,-0.10179551200831338
Loop5-theta81,0.02254860082110688
Loop5-theta82,-0.08487859032325257
Loop5-theta83,0.004188149935173746
Loop5-theta84,0.18049147608116822
Loop5-theta85,-0.11768060832306458
Loop5-theta86,-0.03476390775994298
Loop5-theta87,-0.2712482190689667
Loop5-theta88,0.15044443477765562
Loop5-theta89,-0.06328421789186
Loop5-theta90,-0.1254180326547123
Loop5-theta91,-0.18807057044577846
Loop5-theta92,0.14312990053845942
Loop5-theta93,-0.11466369168293955
Loop5-theta94,0.0873807707159533
Loop5-theta95,0.08088698285179718
Loop5-theta96,0.14480099908036426
Loop5-theta97,-0.10182706580300849
Loop5-theta98,-0.004574949924843363
Loop5-theta99,-0.09265091328055819
Loop6-beta_i4,0.018933901278024523
Loop6-beta_i5,0.0636589550085328
Loop6-beta_i6,0.05930951145968344
Loop6-beta_i7,-0.0343326789742433
Loop6-beta_i8,0.04855577268006848
Loop6-beta_i9,0.09936087029941709
Loop6-beta_r2,0.10673329646035024
Loop6-beta_r3,0.032259144440595466
Loop6-beta_r4,0.036281554352308176
Loop6-beta_r5,0.03135787663555867
Loop6-beta_r6,0.059008967738041096
Loop6-beta_r7,0.09241752758401944
Loop6-beta_r8,0.05789824298859325
Loop6-beta_r9,0.02399314121374907
Loop6-d_k1,0.04617591934611909
Loop6-d_k2,0.01955298333343969
Loop6-d_k3,0.023041133540021463
Loop6-d_k4,-0.08877003621957935
Loop6-theta0,0.3172886232407208
Loop6-theta1,-0.1765304247773518
Loop6-theta2,0.12371363665308088
Loop6-theta3,0.0678591793031662
Loop6-theta4,0.12680566121582348
Loop6-theta5,0.1508740102554671
Loop6-theta6,0.06820853057817045
Loop6-theta7,0.1133095904628843
Loop6-theta8,0.05925246135412232
Loop6-theta9,0.20703182077810872
Loop6-theta10,-0.23484260409838753
Loop6-theta11,0.18013981424332598
Loop6-theta12,0.2554030121784892
Loop6-theta13,0.2859086927771721
Loop6-theta14,0.15886319257267356
Loop6-theta15,0.12572631840805637
Loop6-theta16,0.333435047178829
Loop6-theta17,0.07853071658284039
Loop6-theta18,0.09287028072045322
Loop6-theta19,0.12265697104575601
Loop6-theta20,-0.09929023225793299
Loop6-theta21,-0.08981277337599058
Loop6-theta22,0.36584995130222725
Loop6-theta23,0.01931546574334808
Loop6-theta24,-0.019273664935769874
Loop6-theta25,0.16862136299336883
Loop6-theta26,-0.03758223742138189
Loop6-theta27,-0.08944589956545324
Loop6-theta28,-0.009766930546298624
Loop6-theta29,0.11315382950843822
Loop6-theta30,-0.01823845512639022
Loop6-theta31,0.15779425348984444
Loop6-theta32,0.1764074602024262
Loop6-theta33,-0.02189852220668409
Loop6-theta34,0.17600516253751308
Loop6-theta35,0.14623594522819872
Loop6-theta36,0.20153423549338206
Loop6-theta37,-0.0820973083448581
Loop6-theta38,0.32475280427737796
Loop6-theta39,0.10217252318726122
Loop6-theta40,0.2689304573037905
Loop6-theta41,-0.16080255420073514
Loop6-theta42,0.011540609950485559
Loop6-theta43,-0.028859649085896666
Loop6-theta44,-0.16956555223072955
Loop6-theta45,0.4356209462084413
Loop6-theta46,0.12020721723075545
Loop6-theta47,0.31345114406063923
Loop6-theta48,0.31744926233024084
Loop6-theta49,0.44587690704874655
Loop6-theta50,0.16221279505292543
Loop6-theta51,0.4977589113018917
Loop6-theta52,0.07819704048662013
Loop6-theta53,-0.2824952153460676
Loop6-theta54,0.052993188707696204
Loop6-theta55,0.36345068595537
Loop6-theta56,0.12404668471980446
Loop6-theta57,-0.05927669237581579
Loop6-theta58,-0.04567646141374371
Loop6-theta59,0.0625949744483576
Loop6-theta60,-0.40696169479332545
Loop6-theta61,0.15221948051176704
Loop6-theta62,0.40303785065842335
Loop6-theta63,0.4262036382411871
Loop6-theta64,0.13728658595383791
Loop6-theta65,-0.004785124219857384
Loop6-theta66,-0.02691943782098702
Loop6-theta67,0.08760747795917756
Loop6-theta68,-0.03136160618463657
Loop6-theta69,0.34424242019686413
Loop6-theta70,0.08900966225970819
Loop6-theta71,0.33441015345586056
Loop6-theta72,0.30305057311310657
Loop6-theta73,0.04964988093459283
Loop6-theta74,-0.06828775422419414
Loop6-theta75,-0.03716252944758902
Loop6-theta76,0.1607212674172247
Loop6-theta77,-0.1590840647142422
Loop6-theta78,0.020869612888626765
Loop6-theta79,-0.012425342724456945
Loop6-theta80,0.0885925674395075
Loop6-theta81,0.21594733804980454
Loop6-theta82,0.14668511845771115
Loop6-theta83,0.01070120211302178
Loop6-theta84,0.07619297686978177
Loop6-theta85,0.15969189376302506
Loop6-theta86,-0.113345356348039
Loop6-theta87,-0.09019470622649095
Loop6-theta88,0.10333786392289279
Loop6-theta89,0.07975026329682189
Loop6-theta90,0.08578151539835543
Loop6-theta91,-0.10303332754555022
Loop6-theta92,0.20648586879051145
Loop6-theta93,0.11109237126772253
Loop6-theta94,0.03224401098942897
Loop6-theta95,0.020083652816522357
Loop6-theta96,0.11899217673067009
Loop6-theta97,0.08034893378159191
Loop6-theta98,-0.08898355579567907
Loop6-theta99,0.40138099721172305
Loop7-beta_i4,-0.06388336733804356
Loop7-beta_i5,-0.008443638318184066
Loop7-beta_i6,0.03213571001493021
Loop7-beta_i7,0.017852787259440506
Loop7-beta_i8,0.038437597483012675
Loop7-beta_i9,-0.03980473584703736
Loop7-beta_r2,-0.01699680193684272
Loop7-beta_r3,0.06605109040113355
Loop7-beta_r4,0.009762308499700723
Loop7-beta_r5,-0.010374631963505188
Loop7-beta_r6,0.10631224454500421
Loop7-beta_r7,0.08369084141845473
Loop7-beta_r8,0.014738721564445889
Loop7-beta_r9,0.002982956173697815
Loop7-d_k1,-0.030965814762755173
Loop7-d_k2,0.01232523300672772
Loop7-d_k3,0.03383782391125287
Loop7-d_k4,-0.015197242155225998
Loop7-theta0,0.08615455140669548
Loop7-theta1,-0.10214125137813734
Loop7-theta2,0.10827900235818771
Loop7-theta3,-0.20942427788588314
Loop7-theta4,0.10876325926488373
Loop7-theta5,-0.0903909491713375
Loop7-theta6,0.07343586091723009
Loop7-theta7,0.12480935453319741
Loop7-theta8,0.10141737077091095
Loop7-theta9,-0.16535918822399198
Loop7-theta10,-0.03199739912724342
Loop7-theta11,0.03336007650306372
Loop7-theta12,0.1699715972733744
Loop7-theta13,0.4215159167419471
Loop7-theta14,-0.04933343109597543
Loop7-theta15,-0.043089676275096966
Loop7-theta16,0.14985949773776297
Loop7-theta17,0.17368603596108378
Loop7-theta18,-0.024851701541061644
Loop7-theta19,-0.025199128151080052
Loop7-theta20,-0.04277809063154514
Loop7-theta21,0.02296369196893311
Loop7-theta22,0.10333263980107205
Loop7-theta23,0.08483870955290873
Loop7-theta24,0.04793373475674456
Loop7-theta25,-0.07873475697312993
Loop7-theta26,0.08580793786013496
Loop7-theta27,0.04527458483100433
Loop7-theta28,0.0050919710201391966
Loop7-theta29,-0.11476044727879442
Loop7-theta30,0.10846998851629475
Loop7-theta31,0.045936489996661
Loop7-theta32,0.08144513145429966
Loop7-theta33,0.0280475714361208
Loop7-theta34,-0.006659804585124274
Loop7-theta35,0.17458853784968903
Loop7-theta36,-0.07663811289914901
Loop7-theta37,0.14256682607427917
Loop7-theta38,0.04590732844289949
Loop7-theta39,-0.0012115698628500926
Loop7-theta40,0.01592042163253038
Loop7-theta41,-0.24975709947905622
Loop7-theta42,0.05614111022372914
Loop7-theta43,0.05936893257325815
Loop7-theta44,0.15601956674116546
Loop7-theta45,0.013842136767342361
Loop7-theta46,-0.08361149417553881
Loop7-theta47,0.10996983749884243
Loop7-theta48,0.026625239534431078
Loop7-theta49,0.10074804309557361
Loop7-theta50,-0.19983835979430775
Loop7-theta51,-0.01948608593878809
Loop7-theta52,-0.0697147220290163
Loop7-theta53,0.03645237516450842
Loop7-theta54,-0.11323869995326968
Loop7-theta55,0.09259572970740981
Loop7-theta56,0.1949950035392346
Loop7-theta57,-0.03377421635942465
Loop7-theta58,0.08285450131584926
Loop7-theta59,0.26882117984389386
Loop7-theta60,0.17838835679706022
Loop7-theta61,0.13472635648927822
Loop7-theta62,0.18273566656274753
Loop7-theta63,0.012271462327105742
Loop7-theta64,-0.05915713936697653
Loop7-theta65,-0.29857350856014453
Loop7-theta66,0.15608287113772135
Loop7-theta67,-0.044033849290373794
Loop7-theta68,-0.17351204519102498
Loop7-theta69,0.02583070357802808
Loop7-theta70,0.033444417212053656
Loop7-theta71,0.018790310613832517
Loop7-theta72,0.03295762064906915
Loop7-theta73,0.0323345504164364
Loop7-theta74,-0.06972536471585444
Loop7-theta75,0.09300774980776993
Loop7-theta76,0.12691665158295334
Loop7-theta77,0.02796602615379129
Loop7-theta78,0.18480094159844457
Loop7-theta79,-0.008727218749849941
Loop7-theta80,-0.04498499959426142
Loop7-theta81,-0.09031223173243541
Loop7-theta82,-0.1725005903332517
Loop7-theta83,-0.01820647062706221
Loop7-theta84,-0.00880477368469168
Loop7-theta85,0.21774449783857974
Loop7-theta86,0.3275336836722669
Loop7-theta87,0.3369197234684629
Loop7-theta88,-0.08488250159668609
Loop7-theta89,0.15759553365446827
Loop7-theta90,-0.022988791422510896
Loop7-theta91,0.09733341732925127
Loop7-theta92,0.1722807543160857
Loop7-theta93,0.20207009340733995
Loop7-theta94,-0.07890374276295309
Loop7-theta95,-0.05880955035790314
Loop7-theta96,-0.015167693170184127
Loop7-theta97,0.2361387759432021
Loop7-theta98,0.13697977177953025
Loop7-theta99,0.10813391925368399
Loop8-beta_i4,-0.03773815475191489
Loop8-beta_i5,-0.002731467574004609
Loop8-beta_i6,-0.009553960833068365
Loop8-beta_i7,-0.005938689461547009
Loop8-beta_i8,0.005152090660920594
Loop8-beta_i9,0.010882809631930446
Loop8-beta_r2,0.024184290482252596
Loop8-beta_r3,0.06643101842832383
Loop8-beta_r4,0.009200884737324388
Loop8-beta_r5,0.04099851889079725
Loop8-beta_r6,0.05594426242653487
Loop8-beta_r7,-0.021786956280313463
Loop8-beta_r8,-0.00808666438482597
Loop8-beta_r9,0.03689375865053268
Loop8-d_k1,-0.005629189271112889
Loop8-d_k2,-0.04388672330345644
Loop8-d_k3,0.05205674625581713
Loop8-d_k4,-0.0025408336812474674
Loop8-theta0,0.054529410029499736
Loop8-theta1,0.09861183811406993
Loop8-theta2,0.02073310301512077
Loop8-theta3,0.09683706808919479
Loop8-theta4,0.21897190761292395
Loop8-theta5,-0.05294180074621235
Loop8-theta6,0.17527711375505134
Loop8-theta7,0.062466887890235245
Loop8-theta8,-0.10916280052294414
Loop8-theta9,0.0943716529853953
Loop8-theta10,-0.0358696455701254
Loop8-theta11,0.05645929819817798
Loop8-theta12,0.056283966042496636
Loop8-theta13,-0.10838269660506994
Loop8-theta14,0.13028766804838
Loop8-theta15,0.11130153143787558
Loop8-theta16,0.13771931478160787
Loop8-theta17,0.008538071399934788
Loop8-theta18,-0.10140138222269057
Loop8-theta19,0.04407243827064633
Loop8-theta20,0.04627994521947738
Loop8-theta21,-0.17362826639528195
Loop8-theta22,-0.13285224423849284
Loop8-theta23,0.19307811830263943
Loop8-theta24,0.14439935627988354
Loop8-theta25,0.03214284539854051
Loop8-theta26,0.09005734803171683
Loop8-theta27,0.153295972565054
Loop8-theta28,0.16670687432235728
Loop8-theta29,0.2193936981281579
Loop8-theta30,0.08444569828786253
Loop8-theta31,0.03675249998089307
Loop8-theta32,0.015128596425859175
Loop8-theta33,0.15710969130047242
Loop8-theta34,0.015869379845601106
Loop8-theta35,0.026039524534087255
Loop8-theta36,0.30623640174182354
Loop8-theta37,0.019838763761266823
Loop8-theta38,-0.030447242384886462
Loop8-theta39,-0.2494603786655204
Loop8-theta40,0.011878132394095298
Loop8-theta41,-0.09072767534038984
Loop8-theta42,-0.017230771070123052
Loop8-theta43,0.07777321097313394
Loop8-theta44,-0.06298523459327876
Loop8-theta45,0.22597605713658878
Loop8-theta46,-0.0621480054469965
Loop8-theta47,0.045641210627841544
Loop8-theta48,0.15489957596425755
Loop8-theta49,-0.13155932295165318
Loop8-theta50,-0.06615029933768746
Loop8-theta51,0.06548171730020202
Loop8-theta52,0.03428336006813226
Loop8-theta53,0.027189766017238354
Loop8-theta54,0.03252200162277741
Loop8-theta55,-0.031621835880828564
Loop8-theta56,-0.1459457630856414
Loop8-theta57,-0.11192148998167917
Loop8-theta58,0.1898365221067197
Loop8-theta59,0.17999785997264472
Loop8-theta60,0.10606276106142132
Loop8-theta61,-0.0849142163126303
Loop8-theta62,-0.026673291631357232
Loop8-theta63,-0.0774731370660629
Loop8-theta64,-0.09743725596112866
Loop8-theta65,-0.016592997293822118
Loop8-theta66,-0.10241288343687283
Loop8-theta67,-0.1313721492998774
Loop8-theta68,0.19400977323617563
Loop8-theta69,0.11507860424499816
Loop8-theta70,0.09273235013257686
Loop8-theta71,0.27406295664214486
Loop8-theta72,-0.02729598639937364
Loop8-theta73,-0.11543873886623152
Loop8-theta74,0.07677389001045992
Loop8-theta75,0.011818680458881958
Loop8-theta76,0.18231625624046288
Loop8-theta77,0.02939742590855321
Loop8-theta78,-0.06680382239042458
Loop8-theta79,0.06536367831439804
Loop8-theta80,-0.08819728124158699
Loop8-theta81,-0.09686833387000982
Loop8-theta82,0.03275515927556971
Loop8-theta83,-0.040727320649926846
Loop8-theta84,0.13710940935255533
Loop8-theta85,-0.1493012058208212
Loop8-theta86,0.09658869634065997
Loop8-theta87,0.08460394547702865
Loop8-theta88,-0.11349429785155196
Loop8-theta89,0.17112657438125378
Loop8-theta90,0.09366839553012063
Loop8-theta91,-0.0039820912658768415
Loop8-theta92,0.0014329403028254806
Loop8-theta93,0.07142026586678207
Loop8-theta94,0.21598997302748107
Loop8-theta95,-0.07419935480237505
Loop8-theta96,-0.024491518510428856
Loop8-theta97,0.01834803325676026
Loop8-theta98,0.24745856857611914
Loop8-theta99,0.06694137347824036
Loop9-beta_i4,-0.10566275410986958
Loop9-beta_i5,0.008891742885152598
Loop9-beta_i6,-0.019890540501563497
Loop9-beta_i7,0.04517569736730109
Loop9-beta_i8,-0.008657273063906235
Loop9-beta_i9,0.04217845837717382
Loop9-beta_r2,0.007987658495844263
Loop9-beta_r3,-0.012032161594653035
Loop9-beta_r4,0.03884477736867353
Loop9-beta_r5,-0.04509961160786735
Loop9-beta_r6,0.06453044513061568
Loop9-beta_r7,-8.277868813145739E-4
Loop9-beta_r8,-0.07986806285260328
Loop9-beta_r9,0.041682677444485616
Loop9-d_k1,-0.036042591936147284
Loop9-d_k2,0.06214102307267538
Loop9-d_k3,0.02210665920483712
Loop9-d_k4,-0.04820509034136494
Loop9-theta0,-0.24001164018640897
Loop9-theta1,0.03706135903159302
Loop9-theta2,0.014240773276592372
Loop9-theta3,0.18906028637202943
Loop9-theta4,-0.043873495548774843
Loop9-theta5,-0.06130663763789673
Loop9-theta6,0.1064915872826735
Loop9-theta7,0.0805559381114539
Loop9-theta8,-0.0303863883828277
Loop9-theta9,0.13714449192000222
Loop9-theta10,0.018072419134451345
Loop9-theta11,-0.14653442793376764
Loop9-theta12,0.039865657741070315
Loop9-theta13,0.032831450064148116
Loop9-theta14,0.09481137760244107
Loop9-theta15,-0.08284979437342976
Loop9-theta16,-0.007590061148014193
Loop9-theta17,-0.05115217513415038
Loop9-theta18,-0.13069146238512463
Loop9-theta19,0.021687823414272334
Loop9-theta20,0.16768426544221338
Loop9-theta21,-0.12407416839116442
Loop9-theta22,0.27799219920784335
Loop9-theta23,0.08426355281273978
Loop9-theta24,0.010304604872045542
Loop9-theta25,0.1203643836280357
Loop9-theta26,0.20472567564294142
Loop9-theta27,0.051604980634020414
Loop9-theta28,0.017023037326216794
Loop9-theta29,-0.1143619022150884
Loop9-theta30,0.05611224078798427
Loop9-theta31,0.16916554421145347
Loop9-theta32,-0.10173636884542869
Loop9-theta33,0.026358842756522893
Loop9-theta34,0.08430915254564969
Loop9-theta35,-0.1604393098770358
Loop9-theta36,-0.09434879197079282
Loop9-theta37,0.1806009293757485
Loop9-theta38,0.22951768117495364
Loop9-theta39,-0.35421401035614
Loop9-theta40,-0.05129692468158187
Loop9-theta41,-0.3782437853356201
Loop9-theta42,0.03203549057118993
Loop9-theta43,0.18952453257480828
Loop9-theta44,0.03775370506933429
Loop9-theta45,-0.04256638099582677
Loop9-theta46,0.16342727976305893
Loop9-theta47,0.08650414927836514
Loop9-theta48,-0.021668648219474076
Loop9-theta49,-0.002058255400479325
Loop9-theta50,-0.12194187867538253
Loop9-theta51,-0.13654521703905376
Loop9-theta52,-0.0736148053778315
Loop9-theta53,-0.10267372448113501
Loop9-theta54,-0.1219826877834369
Loop9-theta55,-0.1225793655197962
Loop9-theta56,0.20500024534534322
Loop9-theta57,-0.1926104351825333
Loop9-theta58,-0.11520521730898536
Loop9-theta59,-0.041695712828338394
Loop9-theta60,-0.00298662561957852
Loop9-theta61,0.10471500565933678
Loop9-theta62,-0.027113230336735183
Loop9-theta63,0.10233577445987718
Loop9-theta64,-0.11334473555224589
Loop9-theta65,0.06391834246748981
Loop9-theta66,-0.0577435202899218
Loop9-theta67,0.14524504239377634
Loop9-theta68,0.1692069838260013
Loop9-theta69,-0.14772992190616063
Loop9-theta70,0.09969338534013317
Loop9-theta71,0.1194844673223922
Loop9-theta72,-0.042476940669821994
Loop9-theta73,0.08676364118237478
Loop9-theta74,0.03786632272064083
Loop9-theta75,-0.17264410191000024
Loop9-theta76,0.040881544919516295
Loop9-theta77,-0.10010539903958149
Loop9-theta78,-0.15947432942881212
Loop9-theta79,-0.01533020383753908
Loop9-theta80,0.05644565419114578
Loop9-theta81,-0.19535728772396466
Loop9-theta82,-0.03593387917221702
Loop9-theta83,-0.042641911815000766
Loop9-theta84,-0.15516514289638628
Loop9-theta85,-0.02983264487578574
Loop9-theta86,-0.09612318378082152
Loop9-theta87,0.07893416406587658
Loop9-theta88,0.08250989436603823
Loop9-theta89,0.02272174801787019
Loop9-theta90,-0.16985287395867754
Loop9-theta91,-0.11079492773299116
Loop9-theta92,0.009356310465802764
Loop9-theta93,0.1838636201850875
Loop9-theta94,-0.031125281008445804
Loop9-theta95,-0.029051467021069588
Loop9-theta96,0.015405945545361899
Loop9-theta97,-0.048734719427812045
Loop9-theta98,0.3289856360729053
Loop9-theta99,-0.02050660956938133
Loop10-beta_i4,0.04275127402418866
Loop10-beta_i5,0.12575384820764213
Loop10-beta_i6,-1.376969449480292E-4
Loop10-beta_i7,0.00663984831582809
Loop10-beta_i8,0.037434891265082815
Loop10-beta_i9,0.026430389737646665
Loop10-beta_r2,0.0721910866167248
Loop10-beta_r3,0.02666897837729354
Loop10-beta_r4,0.09119636600530145
Loop10-beta_r5,0.09583584371432406
Loop10-beta_r6,0.07076632091075818
Loop10-beta_r7,0.023502156761428195
Loop10-beta_r8,0.060114584330166365
Loop10-beta_r9,0.06112028732427005
Loop10-d_k1,0.047684985921421175
Loop10-d_k2,-0.006574699289283004
Loop10-d_k3,-0.008550521297259361
Loop10-d_k4,-0.032559765334878366
Loop10-theta0,0.0049771690420072345
Loop10-theta1,0.008204383246513736
Loop10-theta2,0.13669961979268302
Loop10-theta3,0.2842100448889223
Loop10-theta4,0.1313272211417827
Loop10-theta5,0.039931908463184285
Loop10-theta6,-0.031114903094121127
Loop10-theta7,0.04128476880387699
Loop10-theta8,-0.02098226381882213
Loop10-theta9,0.0856503046815503
Loop10-theta10,0.0698699540611829
Loop10-theta11,-0.11694787385600514
Loop10-theta12,0.14701308347827938
Loop10-theta13,0.18199571642648216
Loop10-theta14,-0.23952174402364834
Loop10-theta15,0.1399015201236593
Loop10-theta16,-0.031647124952325356
Loop10-theta17,0.16655409150799816
Loop10-theta18,0.053403746952556494
Loop10-theta19,0.040870579361944714
Loop10-theta20,-0.0016181058784685565
Loop10-theta21,0.025725401746961696
Loop10-theta22,-0.03939189089221762
Loop10-theta23,0.14753059365334908
Loop10-theta24,0.013139371136237754
Loop10-theta25,0.15118298459602497
Loop10-theta26,-0.08174013888913656
Loop10-theta27,0.1998464188971153
Loop10-theta28,0.2870930909310009
Loop10-theta29,0.01410987829668997
Loop10-theta30,0.05719613374668392
Loop10-theta31,0.3017639432697995
Loop10-theta32,0.23829029112617084
Loop10-theta33,0.22144891623898877
Loop10-theta34,-0.009024153777961619
Loop10-theta35,0.01738451883658887
Loop10-theta36,0.13154618487848868
Loop10-theta37,0.34555026156071644
Loop10-theta38,0.1694793036025215
Loop10-theta39,0.11234201455378831
Loop10-theta40,0.09060555130424902
Loop10-theta41,0.06376887354483718
Loop10-theta42,0.09116619574059293
Loop10-theta43,0.03395340800090893
Loop10-theta44,-0.0022858210614957186
Loop10-theta45,0.06687431761178542
Loop10-theta46,-0.008224298100650174
Loop10-theta47,0.23675920911850934
Loop10-theta48,-0.20216807127255834
Loop10-theta49,0.1490968381613248
Loop10-theta50,0.01881524648041122
Loop10-theta51,0.03125833575739434
Loop10-theta52,0.32168398826621025
Loop10-theta53,-0.049796395078832933
Loop10-theta54,0.04068339899206552
Loop10-theta55,0.1024882992943922
Loop10-theta56,0.1654896850338562
Loop10-theta57,0.1822858720224272
Loop10-theta58,0.21307297070029674
Loop10-theta59,-0.052818800638749996
Loop10-theta60,-0.059847820993262024
Loop10-theta61,0.017107646786885478
Loop10-theta62,0.26035841472649046
Loop10-theta63,0.04858069947900556
Loop10-theta64,0.09183046608272472
Loop10-theta65,0.0979550524289785
Loop10-theta66,-0.1228593499824927
Loop10-theta67,0.09441813308381075
Loop10-theta68,0.3711014853166488
Loop10-theta69,0.21242693830077974
Loop10-theta70,0.02217881714793002
Loop10-theta71,0.06468566757515948
Loop10-theta72,0.19864967862646876
Loop10-theta73,0.014232546450907047
Loop10-theta74,0.13657638510562004
Loop10-theta75,0.02531448867576558
Loop10-theta76,0.17619577781202
Loop10-theta77,0.11020171399481055
Loop10-theta78,-0.03552329427891954
Loop10-theta79,0.17925891595724613
Loop10-theta80,-0.0020023455663563394
Loop10-theta81,-0.16963359887764962
Loop10-theta82,0.2924037778031169
Loop10-theta83,0.03775189949404088
Loop10-theta84,-0.08956953867548978
Loop10-theta85,0.022582801143080533
Loop10-theta86,-0.09405318255029727
Loop10-theta87,0.026973493601641807
Loop10-theta88,0.10966617106381604
Loop10-theta89,0.14542503165937504
Loop10-theta90,0.16356712398499162
Loop10-theta91,0.07523164881341304
Loop10-theta92,-0.06067783379637026
Loop10-theta93,0.23800693887750834
Loop10-theta94,0.07839705455840201
Loop10-theta95,0.036442491662888266
Loop10-theta96,0.08871285904825665
Loop10-theta97,0.02022707040722982
Loop10-theta98,0.21487281548647763
Loop10-theta99,0.15292095541783812
Loop11-beta_i4,0.09532588342261583
Loop11-beta_i5,-0.04076441032761513
Loop11-beta_i6,-0.0463791289820602
Loop11-beta_i7,-0.032407396971483315
Loop11-beta_i8,-0.007157464227397714
Loop11-beta_i9,0.02768843619544037
Loop11-beta_r2,0.02127744126162301
Loop11-beta_r3,0.02265966852755713
Loop11-beta_r4,0.053590373478445086
Loop11-beta_r5,0.08328808562000578
Loop11-beta_r6,-0.03797104443294086
Loop11-beta_r7,0.004717295834032825
Loop11-beta_r8,-0.03042684760755021
Loop11-beta_r9,0.010263005940264136
Loop11-d_k1,-0.013404861065320572
Loop11-d_k2,5.260303518655196E-4
Loop11-d_k3,0.01705633962683613
Loop11-d_k4,-0.004177508913380812
Loop11-theta0,0.09740852926597021
Loop11-theta1,-0.12988490851765344
Loop11-theta2,0.1330280492596369
Loop11-theta3,0.13095842351573728
Loop11-theta4,0.03357125821476126
Loop11-theta5,0.10007786668955387
Loop11-theta6,0.15523476778526857
Loop11-theta7,-0.018651842075594394
Loop11-theta8,0.13320898553862737
Loop11-theta9,-0.20070936988810723
Loop11-theta10,0.0973568448880707
Loop11-theta11,0.0018552814796064243
Loop11-theta12,-0.030418924965807004
Loop11-theta13,0.1402656408369778
Loop11-theta14,0.20300586817613686
Loop11-theta15,-0.11821102968916963
Loop11-theta16,0.0780562232763512
Loop11-theta17,0.13153396794458838
Loop11-theta18,0.1607071548688226
Loop11-theta19,0.09920438418144828
Loop11-theta20,-0.13521291251724776
Loop11-theta21,-0.007200058565955292
Loop11-theta22,0.13133799880225605
Loop11-theta23,-0.07512349064997885
Loop11-theta24,-0.046633434436632176
Loop11-theta25,0.08263964434431315
Loop11-theta26,-0.1737194406173587
Loop11-theta27,0.08802904412660584
Loop11-theta28,-0.07218977472483079
Loop11-theta29,0.09665949593091638
Loop11-theta30,-0.1280760593013961
Loop11-theta31,-0.019535790464518643
Loop11-theta32,0.1241142166605155
Loop11-theta33,-0.1028048068591032
Loop11-theta34,0.10847824112202653
Loop11-theta35,0.14421821386769496
Loop11-theta36,-0.0628030698195301
Loop11-theta37,0.05873527945315882
Loop11-theta38,0.1818674483127769
Loop11-theta39,-0.1654612506884281
Loop11-theta40,0.12512318303529713
Loop11-theta41,-0.010156572801512942
Loop11-theta42,-0.04957320316007152
Loop11-theta43,-0.08423609243022456
Loop11-theta44,0.07006432794568318
Loop11-theta45,0.13533697190012828
Loop11-theta46,0.15828931681866276
Loop11-theta47,0.018323618559369148
Loop11-theta48,0.16079538753663303
Loop11-theta49,0.21606645384146428
Loop11-theta50,0.08212720975876697
Loop11-theta51,-0.021201296679996484
Loop11-theta52,0.0338799989587083
Loop11-theta53,0.16985869572267004
Loop11-theta54,0.36662213385939335
Loop11-theta55,0.08263138421079508
Loop11-theta56,-0.011111223745888854
Loop11-theta57,0.08139227682386335
Loop11-theta58,-0.07222132335974518
Loop11-theta59,-0.07210195126901686
Loop11-theta60,0.22282193950297557
Loop11-theta61,0.05102824819703722
Loop11-theta62,0.5424390464617346
Loop11-theta63,0.12781093373564656
Loop11-theta64,-0.01855262329465962
Loop11-theta65,0.06581145185103243
Loop11-theta66,0.005550146654747096
Loop11-theta67,-0.05735252017096809
Loop11-theta68,0.042165029414955965
Loop11-theta69,0.08982261471619069
Loop11-theta70,0.05065004059284656
Loop11-theta71,0.15971091667665338
Loop11-theta72,-0.09448487609509412
Loop11-theta73,0.0714868852613807
Loop11-theta74,0.011756450353280434
Loop11-theta75,0.0537038251277267
Loop11-theta76,0.28570065375990383
Loop11-theta77,0.027573601851354185
Loop11-theta78,-0.06506622129807926
Loop11-theta79,0.14825436235987877
Loop11-theta80,-0.1618650555355382
Loop11-theta81,0.08955109464007083
Loop11-theta82,0.007055883578736433
Loop11-theta83,-0.01157380236376071
Loop11-theta84,0.021005847438507974
Loop11-theta85,-0.03236272897695158
Loop11-theta86,-0.01328464162151266
Loop11-theta87,0.21695573388624206
Loop11-theta88,0.08988951247924581
Loop11-theta89,-0.041304039473060994
Loop11-theta90,0.1692609435093657
Loop11-theta91,0.08248940120723591
Loop11-theta92,0.12148348282321475
Loop11-theta93,-0.010311605617038366
Loop11-theta94,0.15292446322896147
Loop11-theta95,-0.14181902900647936
Loop11-theta96,-0.05619551494389602
Loop11-theta97,-0.05018000913533638
Loop11-theta98,-0.1221161939670905
Loop11-theta99,0.10591733703629946
Loop12-beta_i4,0.02448065802563626
Loop12-beta_i5,0.01582554151659643
Loop12-beta_i6,0.0415782370906456
Loop12-beta_i7,0.00572387878669961
Loop12-beta_i8,-0.038360241025959474
Loop12-beta_i9,0.042610968041872255
Loop12-beta_r2,-0.09931298422475854
Loop12-beta_r3,0.02106115266827291
Loop12-beta_r4,-0.005749149752471316
Loop12-beta_r5,0.05979938629103465
Loop12-beta_r6,0.06917479478622057
Loop12-beta_r7,-0.04226244489284614
Loop12-beta_r8,-0.03610303929976624
Loop12-beta_r9,-0.038963874076758165
Loop12-d_k1,0.05860514726426441
Loop12-d_k2,-0.011457173765500261
Loop12-d_k3,-0.011756133391218837
Loop12-d_k4,-0.03539184010754548
Loop12-theta0,0.016440694194035377
Loop12-theta1,-0.08753995365487062
Loop12-theta2,0.029633642853920728
Loop12-theta3,0.024392349555201975
Loop12-theta4,0.1253593800332849
Loop12-theta5,0.16201581758387978
Loop12-theta6,0.14909481035666183
Loop12-theta7,-0.19090020967743576
Loop12-theta8,-0.11671054407531334
Loop12-theta9,-0.10403579475904956
Loop12-theta10,0.058413595627738624
Loop12-theta11,0.18149956640359258
Loop12-theta12,-0.0998992072473901
Loop12-theta13,-0.09055812236861316
Loop12-theta14,-0.1998328706529957
Loop12-theta15,0.08481751674176374
Loop12-theta16,0.0332420431157483
Loop12-theta17,-0.04283372863670576
Loop12-theta18,-0.29865322783268655
Loop12-theta19,0.09377891477009892
Loop12-theta20,-0.0011517491942666935
Loop12-theta21,-0.014790215612273006
Loop12-theta22,0.04796255183268852
Loop12-theta23,-0.03212391649573988
Loop12-theta24,0.02023333619040324
Loop12-theta25,-0.13906708719557592
Loop12-theta26,0.11981241123351838
Loop12-theta27,0.21994116856680312
Loop12-theta28,-0.18630185865467142
Loop12-theta29,0.11655054741838111
Loop12-theta30,0.10657675456051363
Loop12-theta31,0.15643845358264197
Loop12-theta32,0.12682024074213716
Loop12-theta33,0.16332311338277594
Loop12-theta34,0.08873009616478966
Loop12-theta35,-0.009700409135974919
Loop12-theta36,-0.15396807070800222
Loop12-theta37,0.1049682333012163
Loop12-theta38,0.13434829973375662
Loop12-theta39,0.01569548569886403
Loop12-theta40,0.07022584927082161
Loop12-theta41,0.11693464637897177
Loop12-theta42,0.2994134002561879
Loop12-theta43,0.16315387045816515
Loop12-theta44,0.028286588682610248
Loop12-theta45,0.007871265701627772
Loop12-theta46,-0.05337317623455773
Loop12-theta47,0.24181520318829097
Loop12-theta48,0.05419284725855726
Loop12-theta49,0.054360591863700236
Loop12-theta50,-0.18189863604149548
Loop12-theta51,0.11885531291479662
Loop12-theta52,0.09718787444827837
Loop12-theta53,-0.11436766769427109
Loop12-theta54,-0.12624377825002284
Loop12-theta55,0.07282583335973625
Loop12-theta56,0.16791256755070355
Loop12-theta57,-0.14105659420323535
Loop12-theta58,0.2581337005475657
Loop12-theta59,0.1584095128947337
Loop12-theta60,-0.09661613457126467
Loop12-theta61,0.15753559305367165
Loop12-theta62,-0.025903262142458194
Loop12-theta63,0.14987846041042824
Loop12-theta64,-0.1949385137094058
Loop12-theta65,-0.06278853639696091
Loop12-theta66,0.05232564434666431
Loop12-theta67,0.06120597565592323
Loop12-theta68,-0.18433602312260655
Loop12-theta69,-0.018518134381393492
Loop12-theta70,0.07212227713372821
Loop12-theta71,0.1532715003821612
Loop12-theta72,-0.08683700652480497
Loop12-theta73,0.15672175229625193
Loop12-theta74,-0.09449073993139395
Loop12-theta75,0.08715457974439209
Loop12-theta76,0.17755880422035086
Loop12-theta77,-0.0403425472360488
Loop12-theta78,-0.06325728335268255
Loop12-theta79,0.025134496712390098
Loop12-theta80,0.03736712922584262
Loop12-theta81,0.22105495505409412
Loop12-theta82,0.07580290475473844
Loop12-theta83,-0.19949094166469272
Loop12-theta84,0.31317991770402187
Loop12-theta85,-0.07785738902227379
Loop12-theta86,0.12856863526848006
Loop12-theta87,0.09469191378349207
Loop12-theta88,-0.15517540541227193
Loop12-theta89,-0.13135002275633517
Loop12-theta90,0.17095437090894605
Loop12-theta91,0.03337367251839676
Loop12-theta92,-0.07475464095304996
Loop12-theta93,0.09386251815834479
Loop12-theta94,0.11641735163983546
Loop12-theta95,0.041147844262068745
Loop12-theta96,-0.28950499281272646
Loop12-theta97,0.11680672172612339
Loop12-theta98,-0.04178332012599428
Loop12-theta99,-0.17079583486127392
Loop13-beta_i4,0.07925631337954742
Loop13-beta_i5,0.02431218576432248
Loop13-beta_i6,0.08028253266445051
Loop13-beta_i7,0.01687977708368943
Loop13-beta_i8,-0.05147946348232768
Loop13-beta_i9,0.08198344464712348
Loop13-beta_r2,0.032991060276963274
Loop13-beta_r3,-0.012332026884766978
Loop13-beta_r4,-0.07253456033978939
Loop13-beta_r5,0.0038318688484475505
Loop13-beta_r6,0.08302399945185956
Loop13-beta_r7,0.10492578803090447
Loop13-beta_r8,0.009618311642460409
Loop13-beta_r9,0.03230633727686638
Loop13-d_k1,0.024953791171791917
Loop13-d_k2,0.044284669275402797
Loop13-d_k3,-0.09190943469204231
Loop13-d_k4,0.022670974244847264
Loop13-theta0,-0.24336971382715467
Loop13-theta1,-0.09484335290008117
Loop13-theta2,0.052210831580371764
Loop13-theta3,0.3670272836154618
Loop13-theta4,-0.02318820629120097
Loop13-theta5,0.15436829229432747
Loop13-theta6,-0.025033251587137234
Loop13-theta7,-0.046667489914949734
Loop13-theta8,0.09063161214358773
Loop13-theta9,0.08404609762035187
Loop13-theta10,0.09042021984557369
Loop13-theta11,-0.08447447383285067
Loop13-theta12,0.0031681935997874833
Loop13-theta13,0.05834061033146948
Loop13-theta14,0.0014878268430255082
Loop13-theta15,-0.061958208463429865
Loop13-theta16,-0.10767473196772537
Loop13-theta17,0.09917199818934774
Loop13-theta18,0.08803979469162804
Loop13-theta19,-0.021972407770985636
Loop13-theta20,-0.11431636950768077
Loop13-theta21,-0.07178902535864545
Loop13-theta22,0.058327871267930376
Loop13-theta23,0.20127587152529558
Loop13-theta24,0.012382236675400116
Loop13-theta25,0.04154510847837711
Loop13-theta26,-0.10091063916715015
Loop13-theta27,-0.020570249938490992
Loop13-theta28,-0.09407065103214085
Loop13-theta29,-0.18711012034694496
Loop13-theta30,0.08401706612585591
Loop13-theta31,-0.04995423315616426
Loop13-theta32,-0.051439150295627734
Loop13-theta33,0.06730192076969727
Loop13-theta34,-0.10670962639701798
Loop13-theta35,0.014729484906331108
Loop13-theta36,-0.05596782341303083
Loop13-theta37,0.35881341721447235
Loop13-theta38,-0.04588283552260508
Loop13-theta39,0.014714910895499367
Loop13-theta40,0.1280868698651223
Loop13-theta41,-0.048184840856238975
Loop13-theta42,-0.12304136286201017
Loop13-theta43,0.1600380917768216
Loop13-theta44,-0.07306362909112196
Loop13-theta45,0.1578774510239409
Loop13-theta46,-0.23529356631826626
Loop13-theta47,0.18898247596094814
Loop13-theta48,-0.046789386743814276
Loop13-theta49,0.10185088356302519
Loop13-theta50,0.01032002010530686
Loop13-theta51,0.12103524923571385
Loop13-theta52,-0.00577672521739446
Loop13-theta53,0.4482892377611716
Loop13-theta54,0.19501716146881748
Loop13-theta55,-0.026529999666245807
Loop13-theta56,0.05211855148436095
Loop13-theta57,0.004086155949119541
Loop13-theta58,0.18316588569590064
Loop13-theta59,0.1066738726106865
Loop13-theta60,0.09752688987872793
Loop13-theta61,0.07513652129036347
Loop13-theta62,0.3604082357367897
Loop13-theta63,0.14478143766156049
Loop13-theta64,0.04453113310181722
Loop13-theta65,0.0986753996274079
Loop13-theta66,0.047125834574443415
Loop13-theta67,0.13492750179393298
Loop13-theta68,0.05220106501642763
Loop13-theta69,0.0031303378413145566
Loop13-theta70,-0.10613048103403022
Loop13-theta71,-0.28391177249688426
Loop13-theta72,0.028073115976880558
Loop13-theta73,-0.16238068661805835
Loop13-theta74,0.11187066072966267
Loop13-theta75,0.14996155916201737
Loop13-theta76,0.09392986946452697
Loop13-theta77,-0.09376323289846522
Loop13-theta78,0.10709991796538687
Loop13-theta79,0.1900411724348495
Loop13-theta80,-0.047198916446120606
Loop13-theta81,0.0045545705864664665
Loop13-theta82,-0.03390462451466358
Loop13-theta83,0.1476261096505076
Loop13-theta84,0.00436673706751789
Loop13-theta85,0.03597690953818611
Loop13-theta86,0.037184206790779384
Loop13-theta87,-0.13537580045434455
Loop13-theta88,0.035855961222204524
Loop13-theta89,0.20914623973597646
Loop13-theta90,0.013734479658887189
Loop13-theta91,0.2651607265929026
Loop13-theta92,-0.08706499520352402
Loop13-theta93,-0.10195165189855537
Loop13-theta94,0.11298833022346844
Loop13-theta95,-0.07698989698847081
Loop13-theta96,0.07195844197031875
Loop13-theta97,-0.13420902442887858
Loop13-theta98,0.04938766977403658
Loop13-theta99,-0.14682907820928254
Loop14-beta_i4,0.03407293619793372
Loop14-beta_i5,0.025055733762122556
Loop14-beta_i6,-0.04075471568153821
Loop14-beta_i7,-0.016287495571354782
Loop14-beta_i8,0.009447264282339024
Loop14-beta_i9,-0.024600565713056133
Loop14-beta_r2,0.061010836867288164
Loop14-beta_r3,0.007956659800752997
Loop14-beta_r4,0.06744632281284481
Loop14-beta_r5,0.04799940869014341
Loop14-beta_r6,0.027027511567859156
Loop14-beta_r7,-0.0442749789135658
Loop14-beta_r8,0.05429479989049783
Loop14-beta_r9,-0.023159800118766727
Loop14-d_k1,-7.776188637471648E-4
Loop14-d_k2,-0.013348148332257254
Loop14-d_k3,-0.001414616191238921
Loop14-d_k4,0.015540383387242063
Loop14-theta0,-0.04950290863231029
Loop14-theta1,0.004036936009085168
Loop14-theta2,0.1394443483874519
Loop14-theta3,0.07197444667382824
Loop14-theta4,-0.24594007213428148
Loop14-theta5,-0.03130692033630017
Loop14-theta6,0.1998689889237597
Loop14-theta7,-0.1177699215404342
Loop14-theta8,-0.08348451745299013
Loop14-theta9,-0.04144749272241577
Loop14-theta10,0.09794767372143962
Loop14-theta11,0.04171784332971329
Loop14-theta12,-0.12678491411118475
Loop14-theta13,0.18398174120955668
Loop14-theta14,-0.07682891264960445
Loop14-theta15,0.09460953972772679
Loop14-theta16,0.021924390835085877
Loop14-theta17,0.1734495509961106
Loop14-theta18,0.07778957437754691
Loop14-theta19,0.04088462928036618
Loop14-theta20,-0.021539879893637703
Loop14-theta21,-0.11354938961568084
Loop14-theta22,-0.13770849385516942
Loop14-theta23,0.06810889566466072
Loop14-theta24,-0.05500452977490844
Loop14-theta25,0.21031752107188217
Loop14-theta26,0.07698359571492652
Loop14-theta27,0.04005547818754085
Loop14-theta28,-0.08565842352483499
Loop14-theta29,-0.016217888542270797
Loop14-theta30,0.05675454715625805
Loop14-theta31,0.09354899912969777
Loop14-theta32,-0.08169792049543423
Loop14-theta33,0.08580933102465943
Loop14-theta34,0.17010661107995018
Loop14-theta35,0.2477058275772417
Loop14-theta36,0.034326900875695454
Loop14-theta37,0.2065874411649815
Loop14-theta38,-0.022123994804347458
Loop14-theta39,0.1283812241218345
Loop14-theta40,-0.04711290911675908
Loop14-theta41,0.006669727240581791
Loop14-theta42,-0.0628629362647144
Loop14-theta43,0.01108971257508018
Loop14-theta44,-0.06880545604262078
Loop14-theta45,0.11872084287833529
Loop14-theta46,-5.92359554688171E-4
Loop14-theta47,0.06406777740753578
Loop14-theta48,0.0648751076444597
Loop14-theta49,-0.1290330926324501
Loop14-theta50,0.03056203204924468
Loop14-theta51,0.12639771858752258
Loop14-theta52,-0.1840001128066472
Loop14-theta53,-0.040139152116378266
Loop14-theta54,-0.020627421492243614
Loop14-theta55,0.08909414699386176
Loop14-theta56,-0.09329634699979367
Loop14-theta57,0.0016314011632911907
Loop14-theta58,0.038434563241305564
Loop14-theta59,0.19984905717675572
Loop14-theta60,0.15004697598383943
Loop14-theta61,-0.15344022482393038
Loop14-theta62,0.12074644136477919
Loop14-theta63,0.11801096079289186
Loop14-theta64,0.01880145448597914
Loop14-theta65,0.041164779127880524
Loop14-theta66,0.12102343688617467
Loop14-theta67,0.12931070452062163
Loop14-theta68,0.17951193592048525
Loop14-theta69,-0.006302766011960226
Loop14-theta70,-0.016927016897793967
Loop14-theta71,0.2587648316520841
Loop14-theta72,0.0632502178969474
Loop14-theta73,-0.14813046784090367
Loop14-theta74,-0.19709730435270223
Loop14-theta75,-0.12247871294417556
Loop14-theta76,0.04509709148075225
Loop14-theta77,0.05252899838993602
Loop14-theta78,0.1807150466375721
Loop14-theta79,-0.15336892617209097
Loop14-theta80,0.1146121200952649
Loop14-theta81,0.2608741361950236
Loop14-theta82,0.02662253490642763
Loop14-theta83,-0.1418776821909938
Loop14-theta84,-0.0311377529513015
Loop14-theta85,-0.29949896058185244
Loop14-theta86,-0.09042460744982472
Loop14-theta87,-0.058613160185034374
Loop14-theta88,-0.038539415060680815
Loop14-theta89,-0.22959726895595867
Loop14-theta90,0.10484775585063538
Loop14-theta91,0.18804158872202292
Loop14-theta92,0.15185449502389967
Loop14-theta93,0.001288644374845438
Loop14-theta94,0.011693034829598714
Loop14-theta95,0.019841519213578573
Loop14-theta96,0.04452659528220193
Loop14-theta97,0.05849917244071712
Loop14-theta98,-0.0723005459457825
Loop14-theta99,-0.01579293711115759
Loop15-beta_i4,0.03800740542521819
Loop15-beta_i5,-0.03966566061077337
Loop15-beta_i6,-0.012065876194811309
Loop15-beta_i7,0.04980739757391495
Loop15-beta_i8,0.1252590218208287
Loop15-beta_i9,-0.007168178778133472
Loop15-beta_r2,0.13397312623789537
Loop15-beta_r3,0.12946839648742037
Loop15-beta_r4,0.0414501513616469
Loop15-beta_r5,0.14183891290507322
Loop15-beta_r6,0.08154103491491727
Loop15-beta_r7,0.15469607957120374
Loop15-beta_r8,0.09253337519232963
Loop15-beta_r9,0.11034941515461566
Loop15-d_k1,-0.029184432814738814
Loop15-d_k2,0.014775980089078045
Loop15-d_k3,-0.02115979681378688
Loop15-d_k4,0.03556824953944848
Loop15-theta0,0.0328242609247964
Loop15-theta1,-0.13754038856757322
Loop15-theta2,-0.1391633350878556
Loop15-theta3,0.22278953045324112
Loop15-theta4,0.2732637495248693
Loop15-theta5,0.23977954051643957
Loop15-theta6,0.15003805662877756
Loop15-theta7,0.07972307650303939
Loop15-theta8,0.286066522798611
Loop15-theta9,-0.39159941726631325
Loop15-theta10,0.18500707894757984
Loop15-theta11,0.014287998148882597
Loop15-theta12,0.21733593457104994
Loop15-theta13,0.23110632049168012
Loop15-theta14,0.11529347898063969
Loop15-theta15,0.06844990223264258
Loop15-theta16,-0.06334816841594093
Loop15-theta17,-0.12628843068979156
Loop15-theta18,0.14481605818217858
Loop15-theta19,0.2162760233539669
Loop15-theta20,0.09004400157128678
Loop15-theta21,0.17848903061312238
Loop15-theta22,0.13277496352767812
Loop15-theta23,0.08963238219454905
Loop15-theta24,0.2557186187659324
Loop15-theta25,0.27240862877846683
Loop15-theta26,0.1434027615365412
Loop15-theta27,0.019979902369006985
Loop15-theta28,0.21669797655342915
Loop15-theta29,0.0938678735637607
Loop15-theta30,-0.06379353399709797
Loop15-theta31,-0.12287881599620176
Loop15-theta32,-0.11507693375134243
Loop15-theta33,0.1136634122295952
Loop15-theta34,0.2925145490842965
Loop15-theta35,0.06986821894224571
Loop15-theta36,0.2673209410281172
Loop15-theta37,0.20299307897626795
Loop15-theta38,0.08955097133673195
Loop15-theta39,0.052643542225459916
Loop15-theta40,0.11504252980912172
Loop15-theta41,-0.07374333315537251
Loop15-theta42,0.17380147984996597
Loop15-theta43,0.22232978457242458
Loop15-theta44,0.08953998447803113
Loop15-theta45,0.19707830593272235
Loop15-theta46,0.20696528100972889
Loop15-theta47,0.11435781833253583
Loop15-theta48,0.16692574933551674
Loop15-theta49,0.027836196071182484
Loop15-theta50,0.12931016209268686
Loop15-theta51,0.21205846140671286
Loop15-theta52,0.13874109616454217
Loop15-theta53,0.014542908079582695
Loop15-theta54,0.13338247934406117
Loop15-theta55,0.07428714914798218
Loop15-theta56,0.06683377254525913
Loop15-theta57,0.1575317092982125
Loop15-theta58,0.12347140217886737
Loop15-theta59,0.185254627924805
Loop15-theta60,0.09251245960278554
Loop15-theta61,0.011881065342209979
Loop15-theta62,0.09916855552577047
Loop15-theta63,0.03368420313489695
Loop15-theta64,0.14084831393971137
Loop15-theta65,0.027305868383428855
Loop15-theta66,0.02535635934278746
Loop15-theta67,0.12097334064163512
Loop15-theta68,0.05858050611278259
Loop15-theta69,-0.04188457895776754
Loop15-theta70,0.30806022991834925
Loop15-theta71,0.02731056145082933
Loop15-theta72,0.10649428369297625
Loop15-theta73,0.14471353577923624
Loop15-theta74,0.031390473813481284
Loop15-theta75,0.14422527130523022
Loop15-theta76,0.16480990376675408
Loop15-theta77,0.0843329652191116
Loop15-theta78,0.11694700268831104
Loop15-theta79,0.2994229215908625
Loop15-theta80,0.1998139727381231
Loop15-theta81,-0.19612756639019668
Loop15-theta82,0.19855378134888868
Loop15-theta83,0.06499668300377748
Loop15-theta84,0.34320120774997664
Loop15-theta85,0.29601254929543197
Loop15-theta86,0.07315150604659866
Loop15-theta87,-0.024522954053888046
Loop15-theta88,0.10412660968445397
Loop15-theta89,0.24010488151437093
Loop15-theta90,0.09322796674142406
Loop15-theta91,0.20253097690134494
Loop15-theta92,0.15305929875023738
Loop15-theta93,0.12770067278177066
Loop15-theta94,0.1887209764214573
Loop15-theta95,0.34408245444952845
Loop15-theta96,0.3225044855923822
Loop15-theta97,-0.17872338526975823
Loop15-theta98,0.29184262431946695
Loop15-theta99,0.22051149808355008
Loop16-beta_i4,0.013339088071761873
Loop16-beta_i5,0.006634970642060978
Loop16-beta_i6,0.07070661821546695
Loop16-beta_i7,-0.04724208441369182
Loop16-beta_i8,0.05659163022994129
Loop16-beta_i9,0.05690613242091436
Loop16-beta_r2,0.11099177418875072
Loop16-beta_r3,0.042277338374901774
Loop16-beta_r4,-0.0020747709188428942
Loop16-beta_r5,0.010056915211559603
Loop16-beta_r6,0.05169694769440647
Loop16-beta_r7,0.06315070645758236
Loop16-beta_r8,-0.019692238016000396
Loop16-beta_r9,0.03812670629563675
Loop16-d_k1,-0.015376895336226326
Loop16-d_k2,0.036637908676237785
Loop16-d_k3,0.003214090521025892
Loop16-d_k4,-0.024475103861037573
Loop16-theta0,-0.13677064662997562
Loop16-theta1,0.008889498925079863
Loop16-theta2,0.07287396346914088
Loop16-theta3,0.0881443578870047
Loop16-theta4,0.07715768643134435
Loop16-theta5,0.2971491660510984
Loop16-theta6,0.03954295184186085
Loop16-theta7,0.18358858335747996
Loop16-theta8,0.06699364464064911
Loop16-theta9,0.04770908794862505
Loop16-theta10,0.0028651628977606203
Loop16-theta11,0.1820882044588727
Loop16-theta12,-0.14781784517107877
Loop16-theta13,0.013639516251132022
Loop16-theta14,0.2418626660987935
Loop16-theta15,-0.09279418337893774
Loop16-theta16,0.06113531634451852
Loop16-theta17,0.2118579365143109
Loop16-theta18,-0.05368413252176376
Loop16-theta19,0.05567130438580817
Loop16-theta20,-0.05043696648588236
Loop16-theta21,-0.06487726066739419
Loop16-theta22,0.06351113355888072
Loop16-theta23,-0.045942245525666836
Loop16-theta24,0.09448143207494386
Loop16-theta25,-0.33163949745732224
Loop16-theta26,0.09236829261929547
Loop16-theta27,0.16311527153199212
Loop16-theta28,0.008075211016949746
Loop16-theta29,0.22300974578651434
Loop16-theta30,-0.04289532333090784
Loop16-theta31,0.05937951035379929
Loop16-theta32,0.08578519687782293
Loop16-theta33,0.13880074752958085
Loop16-theta34,0.10468934317425624
Loop16-theta35,0.23770214348192953
Loop16-theta36,-0.0147188728450095
Loop16-theta37,0.20246717760172883
Loop16-theta38,0.14434768204787812
Loop16-theta39,-0.11138547882930605
Loop16-theta40,-0.15400359066537028
Loop16-theta41,0.12980300823212462
Loop16-theta42,0.11737866061335744
Loop16-theta43,0.05614326224517385
Loop16-theta44,0.14111529685246238
Loop16-theta45,0.31096480915357017
Loop16-theta46,0.003577218984618824
Loop16-theta47,0.028955810379245883
Loop16-theta48,-0.04937213659186179
Loop16-theta49,0.019806297876420187
Loop16-theta50,-0.012051164568345873
Loop16-theta51,0.10075968356226706
Loop16-theta52,0.048344835395476515
Loop16-theta53,0.024462686560640767
Loop16-theta54,0.16247320053980774
Loop16-theta55,-0.04034870498023024
Loop16-theta56,-0.060603890595609444
Loop16-theta57,0.39560765820409294
Loop16-theta58,-0.019466180288021384
Loop16-theta59,0.12574340442420007
Loop16-theta60,0.08784439795271964
Loop16-theta61,0.12165162456387296
Loop16-theta62,0.040770513363135086
Loop16-theta63,0.08012664845344175
Loop16-theta64,0.14647667997544844
Loop16-theta65,0.24602657077830403
Loop16-theta66,-0.14763065338632542
Loop16-theta67,0.12603125592333767
Loop16-theta68,0.05770761986766937
Loop16-theta69,0.28857779184525856
Loop16-theta70,-0.17528155164027343
Loop16-theta71,0.061653650862508846
Loop16-theta72,0.34483690221805086
Loop16-theta73,-0.0268383622823518
Loop16-theta74,-0.1707594670608965
Loop16-theta75,0.18897590920257157
Loop16-theta76,-0.0920880090795475
Loop16-theta77,-0.003474072615990944
Loop16-theta78,-0.01856510141473744
Loop16-theta79,-0.015202256364615807
Loop16-theta80,0.058445905678987886
Loop16-theta81,-0.05928058723247698
Loop16-theta82,-0.06650530539269939
Loop16-theta83,0.027810852014024945
Loop16-theta84,0.15067841551675887
Loop16-theta85,-0.13115884007746192
Loop16-theta86,0.1543655451519813
Loop16-theta87,-0.09247867730370785
Loop16-theta88,0.12016611669708385
Loop16-theta89,-0.06767481416136056
Loop16-theta90,-0.002188753997242804
Loop16-theta91,0.2119816696175616
Loop16-theta92,0.008323545389658626
Loop16-theta93,0.2104057782172224
Loop16-theta94,0.09049211027645365
Loop16-theta95,0.12256440858004147
Loop16-theta96,-0.02317957488818323
Loop16-theta97,0.23107376863846707
Loop16-theta98,0.18069510299320402
Loop16-theta99,-0.022742206910629115
Loop17-beta_i4,-0.006303840205713895
Loop17-beta_i5,-0.047481550642765824
Loop17-beta_i6,0.010845913130423046
Loop17-beta_i7,-0.004987925909236024
Loop17-beta_i8,0.10420259021989531
Loop17-beta_i9,0.011537605171106358
Loop17-beta_r2,0.005190210531662354
Loop17-beta_r3,0.12579425071644917
Loop17-beta_r4,0.037824857126173506
Loop17-beta_r5,-0.02098609754767941
Loop17-beta_r6,0.030717592960340878
Loop17-beta_r7,0.09373099104554794
Loop17-beta_r8,-0.01823361879671659
Loop17-beta_r9,0.07584317710025124
Loop17-d_k1,-0.07207715273905779
Loop17-d_k2,0.048855582367583694
Loop17-d_k3,-0.012386392056313755
Loop17-d_k4,0.03560796242778741
Loop17-theta0,0.1706783353584886
Loop17-theta1,0.18400827220570504
Loop17-theta2,-0.054732583608171875
Loop17-theta3,-0.12742070630143232
Loop17-theta4,0.0990498668523774
Loop17-theta5,-0.11935505323678663
Loop17-theta6,-0.05124388186079276
Loop17-theta7,0.3059280664477133
Loop17-theta8,0.11264838380949133
Loop17-theta9,-0.0025427517873251038
Loop17-theta10,-0.031043786080482527
Loop17-theta11,-0.09411456509223884
Loop17-theta12,-0.0404916701586876
Loop17-theta13,0.020100711730873577
Loop17-theta14,-0.013367218180247997
Loop17-theta15,-0.21384952717493955
Loop17-theta16,-0.114399305215796
Loop17-theta17,0.02440076583634898
Loop17-theta18,0.04111022952191967
Loop17-theta19,0.3026961702572415
Loop17-theta20,-0.07291068552861457
Loop17-theta21,-0.009136226982712325
Loop17-theta22,0.020727263635404558
Loop17-theta23,0.14956925952231925
Loop17-theta24,-0.01965203307473029
Loop17-theta25,-0.15202520789607363
Loop17-theta26,0.07777720249628772
Loop17-theta27,0.14793738277196633
Loop17-theta28,-0.2802231971236382
Loop17-theta29,0.19826144755913444
Loop17-theta30,-0.06357572186347238
Loop17-theta31,0.07341707819490195
Loop17-theta32,0.011530673092254862
Loop17-theta33,-0.0901437794714437
Loop17-theta34,0.00457401800964452
Loop17-theta35,0.13753417881043428
Loop17-theta36,0.08498600324232064
Loop17-theta37,0.06961884740613011
Loop17-theta38,0.06677075813305125
Loop17-theta39,0.1169881346052949
Loop17-theta40,-0.018974649164309243
Loop17-theta41,0.021019500154857873
Loop17-theta42,0.0239598437138705
Loop17-theta43,0.20155355079848025
Loop17-theta44,0.167642152147644
Loop17-theta45,-0.019815752291229782
Loop17-theta46,0.12449912436013612
Loop17-theta47,-0.06897676590198154
Loop17-theta48,0.25256736240154865
Loop17-theta49,0.11735978074842102
Loop17-theta50,-0.2823020775616556
Loop17-theta51,0.25376635787709034
Loop17-theta52,0.16999806762474767
Loop17-theta53,-0.026504764247348822
Loop17-theta54,-0.21966395734612898
Loop17-theta55,0.014186472474204681
Loop17-theta56,0.030521309552766995
Loop17-theta57,0.44174326028607513
Loop17-theta58,-0.0636143957671732
Loop17-theta59,-0.0762742146965607
Loop17-theta60,-0.15817346552030365
Loop17-theta61,0.07567652398031186
Loop17-theta62,-0.0066778436748137215
Loop17-theta63,0.3008691476511758
Loop17-theta64,0.2872287521243233
Loop17-theta65,0.23556749767920215
Loop17-theta66,0.03529275451297742
Loop17-theta67,0.04699460071313588
Loop17-theta68,0.025388209456893185
Loop17-theta69,0.07276134845678164
Loop17-theta70,-0.09882238255146125
Loop17-theta71,-0.08678820188642367
Loop17-theta72,0.12462917326732892
Loop17-theta73,0.017617103623021046
Loop17-theta74,-0.04805181392479957
Loop17-theta75,0.07679522715580911
Loop17-theta76,-0.006226395347749825
Loop17-theta77,0.013347293107591446
Loop17-theta78,-0.07990946206875413
Loop17-theta79,-0.04191073920787047
Loop17-theta80,-0.15305467654080582
Loop17-theta81,0.06749682182283434
Loop17-theta82,-0.28963269453526136
Loop17-theta83,0.079170281132388
Loop17-theta84,0.056776656261141145
Loop17-theta85,0.07005924030523834
Loop17-theta86,-0.05689747081246373
Loop17-theta87,0.042527116549209654
Loop17-theta88,-0.053952508941889604
Loop17-theta89,0.0741689509123506
Loop17-theta90,0.019351585285535475
Loop17-theta91,0.12450204144613364
Loop17-theta92,0.029435856400892635
Loop17-theta93,-0.00875871090702196
Loop17-theta94,0.030294678248940166
Loop17-theta95,0.14260948658601544
Loop17-theta96,-0.1224519557661613
Loop17-theta97,-0.3220927597241896
Loop17-theta98,-0.2914601539153032
Loop17-theta99,-0.0312835544510528
Loop18-beta_i4,-0.013173515406570718
Loop18-beta_i5,0.08891200099283453
Loop18-beta_i6,0.01159677812200699
Loop18-beta_i7,0.010056539751895244
Loop18-beta_i8,0.058184499180677696
Loop18-beta_i9,0.010052271777360233
Loop18-beta_r2,0.13685509341829083
Loop18-beta_r3,0.06637830382958554
Loop18-beta_r4,0.05789845582054243
Loop18-beta_r5,0.044816233181410634
Loop18-beta_r6,0.027030956795145444
Loop18-beta_r7,0.04106141514778183
Loop18-beta_r8,0.0443597736301386
Loop18-beta_r9,-0.00403260860016208
Loop18-d_k1,0.012361451084459851
Loop18-d_k2,-0.022384669174135563
Loop18-d_k3,0.052865770032888726
Loop18-d_k4,-0.04284255194321296
Loop18-theta0,0.06760696079190243
Loop18-theta1,0.33879790821496414
Loop18-theta2,-0.0989475412824059
Loop18-theta3,0.289051143722897
Loop18-theta4,-0.04698532381707399
Loop18-theta5,0.3370384076660815
Loop18-theta6,0.07949267945558125
Loop18-theta7,0.1124119970155821
Loop18-theta8,-0.019479763719868814
Loop18-theta9,0.18396285839074666
Loop18-theta10,-0.0505023129029597
Loop18-theta11,0.1446565628247009
Loop18-theta12,0.014476898950263384
Loop18-theta13,0.011518239259588725
Loop18-theta14,0.3154064353215068
Loop18-theta15,0.1404777452920547
Loop18-theta16,0.10531267525845539
Loop18-theta17,-0.06296427247955316
Loop18-theta18,0.4692855576495803
Loop18-theta19,0.10248914718747065
Loop18-theta20,0.04843369939137421
Loop18-theta21,0.08946147790188919
Loop18-theta22,0.05381651691988698
Loop18-theta23,-0.17972218299464598
Loop18-theta24,0.12238089062575719
Loop18-theta25,0.05011945114170824
Loop18-theta26,0.09713730975011428
Loop18-theta27,-0.09629275276241867
Loop18-theta28,-0.06706158419306729
Loop18-theta29,0.08806735761993292
Loop18-theta30,0.35480630328300233
Loop18-theta31,0.14466728900159098
Loop18-theta32,0.2712001084747597
Loop18-theta33,-0.03622760341195619
Loop18-theta34,-0.0055093862366406565
Loop18-theta35,0.12844005355002563
Loop18-theta36,0.1514594490093475
Loop18-theta37,0.08984346950688124
Loop18-theta38,-0.04350942282532222
Loop18-theta39,0.03629407967494436
Loop18-theta40,-0.08308579070905142
Loop18-theta41,0.11017372681160564
Loop18-theta42,0.18691612650775125
Loop18-theta43,-0.05468452750379038
Loop18-theta44,-0.03766549187497792
Loop18-theta45,0.14316966430154654
Loop18-theta46,-0.052314380717402464
Loop18-theta47,-0.1001941945503283
Loop18-theta48,0.027682510344487765
Loop18-theta49,-0.026759031067608685
Loop18-theta50,0.13282136649145193
Loop18-theta51,0.2577428994826276
Loop18-theta52,-0.030184976250099138
Loop18-theta53,0.10665231119885243
Loop18-theta54,0.10201099773976446
Loop18-theta55,0.16443424534530593
Loop18-theta56,0.18395502451892876
Loop18-theta57,0.08506116425538268
Loop18-theta58,0.13451539415851482
Loop18-theta59,0.24517886654912113
Loop18-theta60,0.07878755012074179
Loop18-theta61,0.14872229670111403
Loop18-theta62,0.16270702427630201
Loop18-theta63,-0.027874830349569946
Loop18-theta64,-0.022629074282914663
Loop18-theta65,0.08416606416696748
Loop18-theta66,0.12635509303300785
Loop18-theta67,-0.053532751332255324
Loop18-theta68,0.05323740411705433
Loop18-theta69,0.23176425996131966
Loop18-theta70,0.08270147142863374
Loop18-theta71,-0.011990095051167993
Loop18-theta72,-0.17801684504354576
Loop18-theta73,-0.08090630100813356
Loop18-theta74,-0.08620018162402945
Loop18-theta75,0.11994463901104035
Loop18-theta76,-0.024488123642626536
Loop18-theta77,0.033273917178572976
Loop18-theta78,0.09338749960200854
Loop18-theta79,0.09143493638120792
Loop18-theta80,-0.07313231815675936
Loop18-theta81,0.269310355949273
Loop18-theta82,-0.1700087454761665
Loop18-theta83,0.14202000426426487
Loop18-theta84,0.2445718557746912
Loop18-theta85,-0.4050606005536659
Loop18-theta86,-0.029453535779331935
Loop18-theta87,-0.19316841646294297
Loop18-theta88,0.030819678546265994
Loop18-theta89,0.25702507459676244
Loop18-theta90,-0.02024022571903783
Loop18-theta91,0.07268547901794609
Loop18-theta92,0.015986591385269366
Loop18-theta93,0.12162615028197357
Loop18-theta94,0.07063118426398352
Loop18-theta95,-0.1067027571251582
Loop18-theta96,0.21053895407513395
Loop18-theta97,0.06299364553585579
Loop18-theta98,-0.24787896184386282
Loop18-theta99,0.06119205946613082
Loop19-beta_i4,0.08711062689122451
Loop19-beta_i5,0.2378274618028544
Loop19-beta_i6,-0.020641807827321612
Loop19-beta_i7,-0.010526714933318054
Loop19-beta_i8,-0.033773640207391264
Loop19-beta_i9,0.040443411749585545
Loop19-beta_r2,-0.011574673859005902
Loop19-beta_r3,0.05957696270531132
Loop19-beta_r4,0.03393967221559402
Loop19-beta_r5,-0.0025413452572297657
Loop19-beta_r6,0.08359715691290062
Loop19-beta_r7,0.062007123599304936
Loop19-beta_r8,0.021437606982372737
Loop19-beta_r9,-0.004354006679590516
Loop19-d_k1,-0.032425960217895455
Loop19-d_k2,-0.01777254659593419
Loop19-d_k3,0.00451396445626473
Loop19-d_k4,0.04568454235756558
Loop19-theta0,-0.1715145802350692
Loop19-theta1,0.3616366168818489
Loop19-theta2,0.16151582477627124
Loop19-theta3,0.10080942358894751
Loop19-theta4,-0.026195630277834336
Loop19-theta5,0.006957957819576865
Loop19-theta6,-0.0266014716577061
Loop19-theta7,-0.01998313204068336
Loop19-theta8,-0.1458043528979036
Loop19-theta9,0.07285009912788115
Loop19-theta10,0.023137637885932205
Loop19-theta11,0.11537609948393746
Loop19-theta12,0.10136507814665541
Loop19-theta13,0.04903589943176285
Loop19-theta14,-0.0018595161237965896
Loop19-theta15,0.16760599538028975
Loop19-theta16,0.1165158380284062
Loop19-theta17,0.3287838094238076
Loop19-theta18,-0.20701807065843725
Loop19-theta19,-0.004437718156097585
Loop19-theta20,-0.322213297891638
Loop19-theta21,0.07880015454873446
Loop19-theta22,-0.1065898103049916
Loop19-theta23,-0.024475245467034723
Loop19-theta24,-0.029112085594821882
Loop19-theta25,0.22234886199290704
Loop19-theta26,-0.14287847859136604
Loop19-theta27,-0.013925429967451886
Loop19-theta28,0.06190338109251359
Loop19-theta29,0.08794163388064713
Loop19-theta30,0.010353579935316604
Loop19-theta31,0.1907612886571805
Loop19-theta32,-0.17659923011441636
Loop19-theta33,0.12833424651521996
Loop19-theta34,0.0971043179777702
Loop19-theta35,-0.17179634817315037
Loop19-theta36,0.0942190074875564
Loop19-theta37,-0.13360753843537987
Loop19-theta38,0.1748297690906518
Loop19-theta39,0.1141090976822815
Loop19-theta40,-0.10795981183473802
Loop19-theta41,-0.06118856085781754
Loop19-theta42,0.18011709963833922
Loop19-theta43,0.2535115316310536
Loop19-theta44,0.3118255443241851
Loop19-theta45,0.09901798556535035
Loop19-theta46,0.07903922496393351
Loop19-theta47,0.013252470740025002
Loop19-theta48,-0.08126457601096182
Loop19-theta49,0.04588820730932319
Loop19-theta50,-0.14990590733963172
Loop19-theta51,0.013643809223833514
Loop19-theta52,-0.21704745724899732
Loop19-theta53,-0.06218906905704849
Loop19-theta54,-0.17486043524778427
Loop19-theta55,0.013995956394798448
Loop19-theta56,0.30862255975854946
Loop19-theta57,0.42008095527490474
Loop19-theta58,-0.16439479137834867
Loop19-theta59,0.09348392083981882
Loop19-theta60,0.08224858199688323
Loop19-theta61,0.2709510901339978
Loop19-theta62,-0.07131506081005778
Loop19-theta63,0.05776923471778561
Loop19-theta64,-0.0802178769357742
Loop19-theta65,-0.10654888555749964
Loop19-theta66,0.08747754056759305
Loop19-theta67,0.07986777730785266
Loop19-theta68,0.009008535854406752
Loop19-theta69,0.07020494310068898
Loop19-theta70,0.17944463771787528
Loop19-theta71,-0.03732449088456846
Loop19-theta72,-0.2029260397503543
Loop19-theta73,-0.09603638663603357
Loop19-theta74,0.053677872803386206
Loop19-theta75,0.07335949163291589
Loop19-theta76,0.21278163270299633
Loop19-theta77,-0.02452410364800306
Loop19-theta78,0.13226402885501054
Loop19-theta79,0.13956833084492604
Loop19-theta80,0.030155932680200892
Loop19-theta81,-0.1828987494691837
Loop19-theta82,0.24954228454693528
Loop19-theta83,0.1643278252732861
Loop19-theta84,0.11075871376395141
Loop19-theta85,0.014384519195085987
Loop19-theta86,0.10415489527422017
Loop19-theta87,0.08931539755648699
Loop19-theta88,0.2956894452903276
Loop19-theta89,0.0477035708447322
Loop19-theta90,-0.09411936824767286
Loop19-theta91,0.20833097916878907
Loop19-theta92,0.3296131924510406
Loop19-theta93,0.14811922588822646
Loop19-theta94,-0.09238655193910211
Loop19-theta95,0.08371145169332239
Loop19-theta96,-0.05717337137804224
Loop19-theta97,-0.1301323353236028
Loop19-theta98,-0.05923518551673454
Loop19-theta99,0.01262539969476903
Loop20-beta_i4,-0.006360421502166647
Loop20-beta_i5,-7.732872421737369E-4
Loop20-beta_i6,0.02249251349668846
Loop20-beta_i7,-0.023976525525945425
Loop20-beta_i8,-0.03344029238668428
Loop20-beta_i9,0.021279789510983083
Loop20-beta_r2,-0.03755873435947721
Loop20-beta_r3,0.07981394845780057
Loop20-beta_r4,0.049042234989260636
Loop20-beta_r5,-0.028251040674905692
Loop20-beta_r6,0.0217123703141906
Loop20-beta_r7,0.01990898486083348
Loop20-beta_r8,-0.05745648190869179
Loop20-beta_r9,0.038778109877766864
Loop20-d_k1,0.006909142126263923
Loop20-d_k2,-0.016721719239821464
Loop20-d_k3,-0.018266378313231302
Loop20-d_k4,0.02807895542678862
Loop20-theta0,-0.36576598848310504
Loop20-theta1,0.11845416034831402
Loop20-theta2,-0.031883445793445764
Loop20-theta3,-0.07829872750108623
Loop20-theta4,0.19768531493442898
Loop20-theta5,0.4405291519928869
Loop20-theta6,-0.0447041224167129
Loop20-theta7,0.07270151309153394
Loop20-theta8,-0.0038933822904763105
Loop20-theta9,-0.02118902071567727
Loop20-theta10,-0.0946064359363414
Loop20-theta11,-0.09273032900426181
Loop20-theta12,0.05368196056397556
Loop20-theta13,0.003855113115163289
Loop20-theta14,0.05871995283326603
Loop20-theta15,0.09903319471536409
Loop20-theta16,-0.15557051147912504
Loop20-theta17,0.05457429143615683
Loop20-theta18,0.06297014565077586
Loop20-theta19,0.15760679852515622
Loop20-theta20,0.04200975907608995
Loop20-theta21,-0.030418655817911117
Loop20-theta22,-0.10180758610001805
Loop20-theta23,0.2438053870962419
Loop20-theta24,-0.08197301254416967
Loop20-theta25,0.07049909856416225
Loop20-theta26,0.2896579437179061
Loop20-theta27,-0.08051689989885613
Loop20-theta28,-0.054893833171191675
Loop20-theta29,-0.06360735646724452
Loop20-theta30,-0.1426593166380472
Loop20-theta31,0.1638408780939451
Loop20-theta32,0.013987476531324372
Loop20-theta33,-0.05670653558827374
Loop20-theta34,-0.072218868152919
Loop20-theta35,-0.035278066007722875
Loop20-theta36,0.048345520858856794
Loop20-theta37,0.21524887832787698
Loop20-theta38,-0.12338719002128767
Loop20-theta39,0.06458181481258196
Loop20-theta40,-0.14670051986463406
Loop20-theta41,-0.061617069939846614
Loop20-theta42,0.14984271190650378
Loop20-theta43,0.2086601161251893
Loop20-theta44,0.3241486734652892
Loop20-theta45,-0.02675588446776961
Loop20-theta46,-0.06794410426855019
Loop20-theta47,-0.03032886928322491
Loop20-theta48,0.16550751981578815
Loop20-theta49,0.02580758102941072
Loop20-theta50,0.059760166297115
Loop20-theta51,0.15113484449906878
Loop20-theta52,0.05880490181011666
Loop20-theta53,0.1606952138721948
Loop20-theta54,0.03482124774861539
Loop20-theta55,-0.03313221922899803
Loop20-theta56,0.013094229489516815
Loop20-theta57,0.021712754936115075
Loop20-theta58,-0.027453945301415983
Loop20-theta59,0.06348113704088287
Loop20-theta60,0.16599456314321137
Loop20-theta61,-0.09317813890926474
Loop20-theta62,-0.11543096317371318
Loop20-theta63,0.10016725649492075
Loop20-theta64,0.1419628513925889
Loop20-theta65,-0.048494572484930276
Loop20-theta66,0.020066340078787714
Loop20-theta67,-0.27106003834961073
Loop20-theta68,0.04579536430054221
Loop20-theta69,-0.2048335405699851
Loop20-theta70,0.10265823852005784
Loop20-theta71,0.2926986059184579
Loop20-theta72,0.024717214404676335
Loop20-theta73,0.02869347735742478
Loop20-theta74,-0.20247938013636002
Loop20-theta75,-0.09150016263705352
Loop20-theta76,-0.06055769389443899
Loop20-theta77,-0.029134912234425103
Loop20-theta78,-0.19256368005857472
Loop20-theta79,0.03827419952080202
Loop20-theta80,-0.027436314185496413
Loop20-theta81,-0.017194381316276264
Loop20-theta82,0.04336409033435462
Loop20-theta83,-0.10345688903954497
Loop20-theta84,-0.010371150085956238
Loop20-theta85,0.013527592420932044
Loop20-theta86,-0.1534713742510979
Loop20-theta87,-0.16363383068013082
Loop20-theta88,0.06709097509513795
Loop20-theta89,-0.12481721423258074
Loop20-theta90,0.073018258652217
Loop20-theta91,0.11295806957556165
Loop20-theta92,-0.05921584336025165
Loop20-theta93,-0.06630855948638548
Loop20-theta94,0.22896906522381283
Loop20-theta95,0.17996363732638554
Loop20-theta96,-0.027042518231001234
Loop20-theta97,0.34595412142979043
Loop20-theta98,0.11025447539524591
Loop20-theta99,0.055285098634374696
Loop21-beta_i4,-0.011276955062331506
Loop21-beta_i5,-0.004826706628905608
Loop21-beta_i6,0.013846418311912245
Loop21-beta_i7,0.029091604789417636
Loop21-beta_i8,0.03350886955885857
Loop21-beta_i9,0.0031209684183598485
Loop21-beta_r2,0.04897156793515747
Loop21-beta_r3,0.023212201825454415
Loop21-beta_r4,0.12580024021476977
Loop21-beta_r5,-0.010566634934723632
Loop21-beta_r6,0.08305194441431757
Loop21-beta_r7,0.1220085458282163
Loop21-beta_r8,0.08397569580507214
Loop21-beta_r9,0.041365785523595155
Loop21-d_k1,-0.028584253455788522
Loop21-d_k2,0.05891302428601153
Loop21-d_k3,-0.009719392494517504
Loop21-d_k4,-0.020609378335704642
Loop21-theta0,0.0752513004527332
Loop21-theta1,0.10943411713338147
Loop21-theta2,0.02250585635710256
Loop21-theta3,0.19504738705082247
Loop21-theta4,0.18616024465637715
Loop21-theta5,0.10248124015444127
Loop21-theta6,-0.12978141894659778
Loop21-theta7,0.14002198090232754
Loop21-theta8,-0.08320646329311143
Loop21-theta9,0.05891208458862529
Loop21-theta10,0.12863487237941112
Loop21-theta11,-0.014350340606691159
Loop21-theta12,0.28099748997293245
Loop21-theta13,0.21600416986484683
Loop21-theta14,-0.1039667115800964
Loop21-theta15,-0.04246020234577555
Loop21-theta16,0.03333080549047886
Loop21-theta17,0.2904614239137233
Loop21-theta18,-0.07605250732355301
Loop21-theta19,0.2818310511434825
Loop21-theta20,0.15068312288543306
Loop21-theta21,0.22491938943801754
Loop21-theta22,0.11313886978366228
Loop21-theta23,0.17171183419111746
Loop21-theta24,-0.017778511038082312
Loop21-theta25,0.019137741832296773
Loop21-theta26,-0.001621230499784715
Loop21-theta27,0.1823072619308943
Loop21-theta28,0.19230005902468705
Loop21-theta29,0.01724682111100334
Loop21-theta30,0.1047098546911508
Loop21-theta31,0.0647662847070334
Loop21-theta32,0.1465925624943678
Loop21-theta33,-0.12982353617232795
Loop21-theta34,0.10202582618686784
Loop21-theta35,0.027288409298424465
Loop21-theta36,0.006007743364492502
Loop21-theta37,0.06782379905203939
Loop21-theta38,-0.09595341497821919
Loop21-theta39,0.13697665997748473
Loop21-theta40,0.19289111836001926
Loop21-theta41,0.1361194713355557
Loop21-theta42,-0.11520040406751675
Loop21-theta43,0.23501928078402878
Loop21-theta44,0.02822050275163046
Loop21-theta45,0.11802628780467339
Loop21-theta46,0.17315283865015818
Loop21-theta47,0.032725339733170156
Loop21-theta48,-0.054833314407036315
Loop21-theta49,0.09393690097410767
Loop21-theta50,-0.03151928853531677
Loop21-theta51,-0.03205717859715851
Loop21-theta52,0.282609413842114
Loop21-theta53,0.10103114744162955
Loop21-theta54,0.10020413327160038
Loop21-theta55,-0.06077169932393245
Loop21-theta56,-0.030196484104051794
Loop21-theta57,0.010828344426952574
Loop21-theta58,0.1011938702545207
Loop21-theta59,0.09628576677631417
Loop21-theta60,-0.03365908256269459
Loop21-theta61,0.1145736748473708
Loop21-theta62,-0.03505431819941052
Loop21-theta63,0.20236669214929326
Loop21-theta64,0.04452070256319296
Loop21-theta65,-0.12121613791830149
Loop21-theta66,-0.1304623645195777
Loop21-theta67,-0.003982311074975792
Loop21-theta68,-0.03242208915222822
Loop21-theta69,0.11169455875809842
Loop21-theta70,-0.0164658044258274
Loop21-theta71,0.012096459615495103
Loop21-theta72,0.39536569370020525
Loop21-theta73,-0.148079243728936
Loop21-theta74,0.05809477052596734
Loop21-theta75,0.12975004032426782
Loop21-theta76,0.021157584390685935
Loop21-theta77,0.12285918165075327
Loop21-theta78,0.23072450070578202
Loop21-theta79,0.1094419929641055
Loop21-theta80,0.04262727051849491
Loop21-theta81,0.14058515089392448
Loop21-theta82,0.2738558468880983
Loop21-theta83,0.06612289580144093
Loop21-theta84,0.11072377705955194
Loop21-theta85,-0.010048755569569856
Loop21-theta86,0.1616829240883777
Loop21-theta87,-0.028683335900954343
Loop21-theta88,-0.03603811148347669
Loop21-theta89,0.15825896995212585
Loop21-theta90,-0.054760586057199565
Loop21-theta91,-0.07381698321105334
Loop21-theta92,0.08669356934687195
Loop21-theta93,0.016628856314520934
Loop21-theta94,0.037330479092626524
Loop21-theta95,0.22455097061120616
Loop21-theta96,0.11732425791283863
Loop21-theta97,0.058834085393623115
Loop21-theta98,-0.11345905334630535
Loop21-theta99,0.06492999561522517
Loop22-beta_i4,0.007175891255546185
Loop22-beta_i5,0.017103300131773636
Loop22-beta_i6,-0.024703038104573985
Loop22-beta_i7,0.03423584950577818
Loop22-beta_i8,0.08322412375832444
Loop22-beta_i9,0.057253144175776316
Loop22-beta_r2,-0.006385117247150962
Loop22-beta_r3,0.025316337327099703
Loop22-beta_r4,0.06779283414364623
Loop22-beta_r5,0.07522480627720696
Loop22-beta_r6,0.0178267623989104
Loop22-beta_r7,0.04346191430140722
Loop22-beta_r8,0.027747975455386098
Loop22-beta_r9,0.03760851551480293
Loop22-d_k1,0.0088868683072858
Loop22-d_k2,0.028953010397273854
Loop22-d_k3,-0.047287068558881956
Loop22-d_k4,0.00944718985432258
Loop22-theta0,0.06899742134143416
Loop22-theta1,0.07677412458875388
Loop22-theta2,0.29180996287891037
Loop22-theta3,0.1668629868896629
Loop22-theta4,-0.25881159336238246
Loop22-theta5,0.2598028485579147
Loop22-theta6,-0.17024816380113428
Loop22-theta7,0.02103061211767976
Loop22-theta8,0.007436073748861238
Loop22-theta9,0.06606463408967067
Loop22-theta10,0.09372207697446577
Loop22-theta11,0.3823027942212449
Loop22-theta12,0.33056382215213465
Loop22-theta13,0.03291470633035004
Loop22-theta14,0.01612098253182981
Loop22-theta15,0.042430245672293476
Loop22-theta16,0.20036497640097295
Loop22-theta17,0.18013580492191372
Loop22-theta18,0.03951425370864159
Loop22-theta19,0.01675362546357151
Loop22-theta20,0.13950163408724436
Loop22-theta21,-0.009286517953617013
Loop22-theta22,0.1533412985032705
Loop22-theta23,-0.3689041486474778
Loop22-theta24,-0.187862290149313
Loop22-theta25,0.1776571443799082
Loop22-theta26,-0.07262867069661172
Loop22-theta27,0.31394671489401843
Loop22-theta28,-0.16767221662117476
Loop22-theta29,0.04878552520738999
Loop22-theta30,0.14020342878303638
Loop22-theta31,0.07545119949871926
Loop22-theta32,0.008221110955330513
Loop22-theta33,0.09782654421206494
Loop22-theta34,0.04946360569773378
Loop22-theta35,0.2273054637849723
Loop22-theta36,-0.4715952432813717
Loop22-theta37,0.09118107110892071
Loop22-theta38,0.008112928341638848
Loop22-theta39,0.15368751044934803
Loop22-theta40,0.06541383306827686
Loop22-theta41,-0.18087981371394202
Loop22-theta42,0.19687220081766177
Loop22-theta43,-0.08512196186310472
Loop22-theta44,0.09767340293912652
Loop22-theta45,0.12608472990385233
Loop22-theta46,0.10986035331577093
Loop22-theta47,0.024329136912990965
Loop22-theta48,0.09827620466726972
Loop22-theta49,-0.05420608819548378
Loop22-theta50,-0.19941367729072113
Loop22-theta51,0.010242785356980755
Loop22-theta52,0.1186169897587458
Loop22-theta53,-0.1208442674097503
Loop22-theta54,-0.03778217638775794
Loop22-theta55,0.07077712110191103
Loop22-theta56,-0.003851905147355006
Loop22-theta57,0.14710213096194402
Loop22-theta58,0.24125845722624378
Loop22-theta59,0.05203980758608352
Loop22-theta60,0.16272128750643544
Loop22-theta61,0.17145876370903435
Loop22-theta62,-0.07624249281924228
Loop22-theta63,0.05893754546135262
Loop22-theta64,0.09990220111215897
Loop22-theta65,-0.01800470334031906
Loop22-theta66,0.09424925493684633
Loop22-theta67,-0.1589452561646323
Loop22-theta68,-0.11882730576120215
Loop22-theta69,0.13629045851792054
Loop22-theta70,0.04608736744292319
Loop22-theta71,0.04203830705296294
Loop22-theta72,0.13250719104498312
Loop22-theta73,-0.2455264048907066
Loop22-theta74,-0.41459593721888544
Loop22-theta75,0.14946355509640852
Loop22-theta76,-0.08107626577847044
Loop22-theta77,0.11313510298932994
Loop22-theta78,-0.15372655207690306
Loop22-theta79,0.0966667849869175
Loop22-theta80,0.07753184748759373
Loop22-theta81,0.2996565699724314
Loop22-theta82,0.13547800556729883
Loop22-theta83,0.04887155657060005
Loop22-theta84,0.003968770331399529
Loop22-theta85,-0.013625400747215188
Loop22-theta86,-0.06261798055210033
Loop22-theta87,0.24196587297320193
Loop22-theta88,0.232488551414757
Loop22-theta89,-0.08937145098645116
Loop22-theta90,-0.006422040604465523
Loop22-theta91,0.660964237473042
Loop22-theta92,0.02893682226832972
Loop22-theta93,0.1684260020016317
Loop22-theta94,0.1654685444017412
Loop22-theta95,-0.09289397745971881
Loop22-theta96,0.07634509021330582
Loop22-theta97,0.262037614859446
Loop22-theta98,-0.09761932146789998
Loop22-theta99,0.2905162001616377
Loop23-beta_i4,-0.010891881166774642
Loop23-beta_i5,0.043769300652042264
Loop23-beta_i6,0.03288646091348313
Loop23-beta_i7,0.05278529129815501
Loop23-beta_i8,0.01922281611125154
Loop23-beta_i9,-0.030450003912155355
Loop23-beta_r2,0.046261105895059995
Loop23-beta_r3,0.13207144338198917
Loop23-beta_r4,0.05639525482807384
Loop23-beta_r5,0.06390222242175558
Loop23-beta_r6,-0.030784750350265844
Loop23-beta_r7,0.04304409167043011
Loop23-beta_r8,0.08376847112452257
Loop23-beta_r9,0.02443061374084532
Loop23-d_k1,-1.6455485168509476E-4
Loop23-d_k2,0.042902428080786176
Loop23-d_k3,-0.031399207006653385
Loop23-d_k4,-0.01133866622244778
Loop23-theta0,0.2446205517042669
Loop23-theta1,0.13882839408937353
Loop23-theta2,-7.336577961463142E-4
Loop23-theta3,0.2263124606807635
Loop23-theta4,0.060817628628783815
Loop23-theta5,0.129346377126895
Loop23-theta6,0.16571942011822194
Loop23-theta7,0.2594857620797695
Loop23-theta8,4.101710149005677E-5
Loop23-theta9,0.06324204956525703
Loop23-theta10,-0.09703171520972131
Loop23-theta11,0.1653228711918283
Loop23-theta12,-0.11599529949018073
Loop23-theta13,0.00232687645933638
Loop23-theta14,-0.013145927575978489
Loop23-theta15,-0.1750297296710901
Loop23-theta16,0.2414645271198354
Loop23-theta17,0.22374758253918636
Loop23-theta18,0.08139031081282411
Loop23-theta19,-0.04255557693092149
Loop23-theta20,0.19385164328575483
Loop23-theta21,0.1954229000808172
Loop23-theta22,0.07668507165924732
Loop23-theta23,0.32036897324317826
Loop23-theta24,0.17768045846170244
Loop23-theta25,0.02082731207090993
Loop23-theta26,0.025704317051202463
Loop23-theta27,0.14485611699196307
Loop23-theta28,0.016835961209622052
Loop23-theta29,0.13990600011132548
Loop23-theta30,0.1322189642066418
Loop23-theta31,-0.007859143388284806
Loop23-theta32,0.1816491545684786
Loop23-theta33,0.11345078060666647
Loop23-theta34,0.21036977394950646
Loop23-theta35,0.1549715684606831
Loop23-theta36,0.06870437161646703
Loop23-theta37,0.2030003314151314
Loop23-theta38,0.07770231234512615
Loop23-theta39,0.26352937108971686
Loop23-theta40,0.06783273850590588
Loop23-theta41,0.08941838536193458
Loop23-theta42,-0.0998702204808517
Loop23-theta43,0.05334655216598572
Loop23-theta44,0.13749503186601464
Loop23-theta45,0.13048976348046842
Loop23-theta46,-0.06641899084709146
Loop23-theta47,0.10246323500413307
Loop23-theta48,0.06754700293593985
Loop23-theta49,0.02562400333274173
Loop23-theta50,-0.010661313202238759
Loop23-theta51,0.047204553661368664
Loop23-theta52,0.14481479019074528
Loop23-theta53,0.017495290934502528
Loop23-theta54,0.1415946135113756
Loop23-theta55,0.04152752719715025
Loop23-theta56,-0.034907875046499726
Loop23-theta57,0.22396298769733947
Loop23-theta58,0.14064401661597054
Loop23-theta59,-0.009202778061047523
Loop23-theta60,0.1207225963420393
Loop23-theta61,-0.01949446366737649
Loop23-theta62,-0.04940486272039424
Loop23-theta63,-0.0203282196159833
Loop23-theta64,0.29646148807667627
Loop23-theta65,0.11528845166936685
Loop23-theta66,0.045608914325503624
Loop23-theta67,0.20638581075252005
Loop23-theta68,0.20608817427326964
Loop23-theta69,0.02916462096669914
Loop23-theta70,0.031177156019731145
Loop23-theta71,0.11891470856501063
Loop23-theta72,0.0894919212724371
Loop23-theta73,0.19723987496071893
Loop23-theta74,0.14228214214668877
Loop23-theta75,0.07383372911516828
Loop23-theta76,0.08384131825216268
Loop23-theta77,0.07651424753730857
Loop23-theta78,0.24677036068718405
Loop23-theta79,0.1697648599251239
Loop23-theta80,-0.00346469707793734
Loop23-theta81,0.10311428282423885
Loop23-theta82,-0.008333178508080075
Loop23-theta83,0.08718366368623581
Loop23-theta84,0.09339702737078566
Loop23-theta85,0.06951824953200592
Loop23-theta86,0.029853411493987125
Loop23-theta87,-0.17297421700487392
Loop23-theta88,0.058026895256280575
Loop23-theta89,0.07884324459134329
Loop23-theta90,0.015128423588256723
Loop23-theta91,0.08121259892382016
Loop23-theta92,-0.03641136173902426
Loop23-theta93,0.11684386928049872
Loop23-theta94,0.06658143819958184
Loop23-theta95,0.12744086136327004
Loop23-theta96,0.28843670144315314
Loop23-theta97,-0.03966571927616541
Loop23-theta98,0.01842416474582039
Loop23-theta99,0.11848891652624138
Loop24-beta_i4,-0.035673815760080885
Loop24-beta_i5,-0.027471754759172906
Loop24-beta_i6,0.029120050770806816
Loop24-beta_i7,-0.07301815711325466
Loop24-beta_i8,0.0337414521310444
Loop24-beta_i9,0.044973586309170255
Loop24-beta_r2,0.07974772054355528
Loop24-beta_r3,0.019235402874824045
Loop24-beta_r4,0.0329848075124865
Loop24-beta_r5,0.008922013523495753
Loop24-beta_r6,0.02862064422568511
Loop24-beta_r7,-0.06415431985910569
Loop24-beta_r8,0.04251154814897151
Loop24-beta_r9,-0.04987135160687253
Loop24-d_k1,-0.059256325136513244
Loop24-d_k2,-0.015338285163499554
Loop24-d_k3,0.03723912753179759
Loop24-d_k4,0.0373554827682161
Loop24-theta0,-0.03909357906885713
Loop24-theta1,0.0014186367760724572
Loop24-theta2,-0.255994882605847
Loop24-theta3,-0.1688204464587948
Loop24-theta4,0.13694214653879078
Loop24-theta5,-0.33670746196177626
Loop24-theta6,0.06027071268565998
Loop24-theta7,0.17622363301027763
Loop24-theta8,0.22487693212558035
Loop24-theta9,0.06022628025161958
Loop24-theta10,-0.19077709806351395
Loop24-theta11,0.009258810623740343
Loop24-theta12,0.06593374656777218
Loop24-theta13,0.23579272131136086
Loop24-theta14,-0.14421728721448046
Loop24-theta15,-0.075034237458386
Loop24-theta16,-0.011542632994798852
Loop24-theta17,0.05204363823182895
Loop24-theta18,-0.04402111930708119
Loop24-theta19,-0.07664841525113275
Loop24-theta20,-0.0984491638098034
Loop24-theta21,0.157942345991538
Loop24-theta22,-0.006264346880306804
Loop24-theta23,-0.14184944535917524
Loop24-theta24,-0.1595597450444018
Loop24-theta25,-0.14223545896349166
Loop24-theta26,0.040173280893536445
Loop24-theta27,-0.01196570110027273
Loop24-theta28,-0.16850564241520916
Loop24-theta29,-0.04608135967102278
Loop24-theta30,-0.23369900013481038
Loop24-theta31,-0.031151433155909514
Loop24-theta32,-0.10920492283805794
Loop24-theta33,0.1441381172014511
Loop24-theta34,0.09213172277329473
Loop24-theta35,0.036163622524253314
Loop24-theta36,-0.07795352545978962
Loop24-theta37,0.022533600090008613
Loop24-theta38,0.1812312709938415
Loop24-theta39,-0.011145207235931487
Loop24-theta40,0.24610790959661555
Loop24-theta41,0.030370583739563833
Loop24-theta42,-0.23442181887162972
Loop24-theta43,-0.014794598951807625
Loop24-theta44,-0.11967033779053504
Loop24-theta45,0.035878112418776587
Loop24-theta46,0.22357670672230157
Loop24-theta47,-0.49048530267165513
Loop24-theta48,0.11006981062045518
Loop24-theta49,0.12997257941961715
Loop24-theta50,0.1479350302839904
Loop24-theta51,-0.2804438025280891
Loop24-theta52,0.26775634442702145
Loop24-theta53,-0.006269089804321615
Loop24-theta54,-0.05896327672365054
Loop24-theta55,0.10079078441988809
Loop24-theta56,-0.08630116882599444
Loop24-theta57,-0.0300336162593261
Loop24-theta58,0.26349503579951905
Loop24-theta59,-0.023929576538319397
Loop24-theta60,0.12371839659153624
Loop24-theta61,0.013511909634273511
Loop24-theta62,0.06265416895940357
Loop24-theta63,0.041607537092680086
Loop24-theta64,-0.07106088533835764
Loop24-theta65,0.07767697801616202
Loop24-theta66,0.1443223005847336
Loop24-theta67,-0.03042220817603375
Loop24-theta68,-0.014440147883374665
Loop24-theta69,-0.022939767807632738
Loop24-theta70,-0.07492128024212719
Loop24-theta71,-0.017725303118278912
Loop24-theta72,-0.056564473644849844
Loop24-theta73,0.06723001472161039
Loop24-theta74,-0.0718806847843641
Loop24-theta75,0.19957125714998947
Loop24-theta76,-0.17546209743810337
Loop24-theta77,0.16418341087362992
Loop24-theta78,0.12128954114925516
Loop24-theta79,0.21771895554794607
Loop24-theta80,-0.09137528269712147
Loop24-theta81,0.11347829150269986
Loop24-theta82,-0.11414658429502811
Loop24-theta83,0.19727142015827193
Loop24-theta84,0.006573081235460632
Loop24-theta85,-0.10009833620479469
Loop24-theta86,0.006591537381371582
Loop24-theta87,0.15187306864897593
Loop24-theta88,0.05894735791375513
Loop24-theta89,0.11925745077443672
Loop24-theta90,-0.07983130663054153
Loop24-theta91,-0.059662325470253186
Loop24-theta92,-0.0864603975072048
Loop24-theta93,-0.15871972551123203
Loop24-theta94,-0.11370499343672202
Loop24-theta95,-0.11464311867611154
Loop24-theta96,-0.07333331025956669
Loop24-theta97,0.11783088004748515
Loop24-theta98,0.14675839481820357
Loop24-theta99,-0.08421774048986835
Loop25-beta_i4,0.009576971197337178
Loop25-beta_i5,0.10402949193811772
Loop25-beta_i6,0.027710730241985893
Loop25-beta_i7,0.04894519448298379
Loop25-beta_i8,0.01276419189682998
Loop25-beta_i9,0.09881554711276286
Loop25-beta_r2,0.0730658795436665
Loop25-beta_r3,-0.0019382398557179492
Loop25-beta_r4,0.01360301269441258
Loop25-beta_r5,-0.03725761457316179
Loop25-beta_r6,0.06628171052949694
Loop25-beta_r7,0.05100278869386847
Loop25-beta_r8,0.08646803050396823
Loop25-beta_r9,0.02147395733254287
Loop25-d_k1,0.022511870280418123
Loop25-d_k2,0.02946075678758825
Loop25-d_k3,-0.04812097886498096
Loop25-d_k4,-0.003851648203025082
Loop25-theta0,0.05904673098623797
Loop25-theta1,0.17499675725692643
Loop25-theta2,-0.16725617627124334
Loop25-theta3,0.18450977149893522
Loop25-theta4,0.11429216307443124
Loop25-theta5,0.07266305363781365
Loop25-theta6,-0.09730399121031441
Loop25-theta7,0.5060758648319137
Loop25-theta8,-0.10800193787328106
Loop25-theta9,0.3238020888642772
Loop25-theta10,-0.1681022183396168
Loop25-theta11,0.14254878557159278
Loop25-theta12,0.3273255537501756
Loop25-theta13,0.159173807509575
Loop25-theta14,0.09129600866542908
Loop25-theta15,0.1414352841112292
Loop25-theta16,0.11064335126456659
Loop25-theta17,0.1858856420093573
Loop25-theta18,0.2886786804051318
Loop25-theta19,-0.005677344792055172
Loop25-theta20,-4.100172239961397E-4
Loop25-theta21,0.04258717523301225
Loop25-theta22,-0.045433933206904475
Loop25-theta23,0.11502100511050939
Loop25-theta24,0.17386638511142571
Loop25-theta25,0.12465412090620132
Loop25-theta26,-0.046380780849744896
Loop25-theta27,0.0910727963539067
Loop25-theta28,0.17466543922177302
Loop25-theta29,-0.009353712226142341
Loop25-theta30,0.19255455957553602
Loop25-theta31,0.1383910093201739
Loop25-theta32,0.28817576838344455
Loop25-theta33,0.13880175409706885
Loop25-theta34,0.14592545955947855
Loop25-theta35,0.006646898038224602
Loop25-theta36,0.025020736323361492
Loop25-theta37,0.030732070677776446
Loop25-theta38,-0.08495531953800184
Loop25-theta39,0.03513909569326512
Loop25-theta40,0.010799809883694222
Loop25-theta41,0.172067765838126
Loop25-theta42,0.06351143504797768
Loop25-theta43,0.37644833888849094
Loop25-theta44,0.11292991496506621
Loop25-theta45,-0.09680246063817344
Loop25-theta46,-0.046675859741851844
Loop25-theta47,0.24900619921924216
Loop25-theta48,0.08366987163262518
Loop25-theta49,-0.01424003997984813
Loop25-theta50,0.2590896032526212
Loop25-theta51,0.043792129743297936
Loop25-theta52,-0.11656045767234424
Loop25-theta53,0.007853487388108205
Loop25-theta54,0.16167408931353056
Loop25-theta55,0.0959107116071497
Loop25-theta56,-0.14512852539028032
Loop25-theta57,0.06225950956654025
Loop25-theta58,-0.18970144915711318
Loop25-theta59,0.1970552880429346
Loop25-theta60,-0.03096689303785849
Loop25-theta61,0.055131718051057765
Loop25-theta62,0.11153465429068607
Loop25-theta63,0.017425348150218678
Loop25-theta64,-0.2185161256071375
Loop25-theta65,0.2378587270465673
Loop25-theta66,-0.050876003008854864
Loop25-theta67,0.11745929505916686
Loop25-theta68,-0.0026642275504573654
Loop25-theta69,0.14481414324682818
Loop25-theta70,0.07084603612684848
Loop25-theta71,-0.002725451885591701
Loop25-theta72,-0.08648515471078189
Loop25-theta73,-0.01952588667801669
Loop25-theta74,0.07516140728448406
Loop25-theta75,0.036141387255548524
Loop25-theta76,-0.19538855380131315
Loop25-theta77,0.07965132079749643
Loop25-theta78,0.27956999194444776
Loop25-theta79,-0.07161920937546234
Loop25-theta80,0.061827762281058796
Loop25-theta81,-0.200790448233654
Loop25-theta82,-0.22692170477643436
Loop25-theta83,-0.025647093861610404
Loop25-theta84,0.0191246832490668
Loop25-theta85,0.21357709724559348
Loop25-theta86,0.06717146850272543
Loop25-theta87,0.02312496383454621
Loop25-theta88,0.20987936814913005
Loop25-theta89,0.16365021249860612
Loop25-theta90,-0.22700418865405864
Loop25-theta91,0.18408129406732443
Loop25-theta92,0.07825456393523067
Loop25-theta93,-0.09580566134930299
Loop25-theta94,-0.018577492780279536
Loop25-theta95,-0.04282384294925956
Loop25-theta96,0.09342245794547568
Loop25-theta97,-0.1118164294162396
Loop25-theta98,0.01763047210686941
Loop25-theta99,0.012102560524936221
Loop26-beta_i4,0.06137284535859022
Loop26-beta_i5,0.06616235582861107
Loop26-beta_i6,0.033016121593563263
Loop26-beta_i7,0.0537523943552034
Loop26-beta_i8,0.059400974597892287
Loop26-beta_i9,0.0759788274246167
Loop26-beta_r2,0.057800633228393405
Loop26-beta_r3,0.01372432349407423
Loop26-beta_r4,0.04842554001361399
Loop26-beta_r5,0.013278183989486436
Loop26-beta_r6,0.009183713968686336
Loop26-beta_r7,0.057199738242982745
Loop26-beta_r8,-0.05059632491648782
Loop26-beta_r9,-0.013538317512471365
Loop26-d_k1,0.03494502907281527
Loop26-d_k2,-0.07478738418542952
Loop26-d_k3,0.019711565418099708
Loop26-d_k4,0.02013078969451465
Loop26-theta0,0.08974889484295479
Loop26-theta1,0.1530637752375847
Loop26-theta2,0.1294192538782144
Loop26-theta3,-0.08630670751737735
Loop26-theta4,-9.496167130720323E-4
Loop26-theta5,-0.09459409324101276
Loop26-theta6,0.11094872836717279
Loop26-theta7,-0.08798337967529024
Loop26-theta8,0.13962756727803782
Loop26-theta9,0.059393569638399334
Loop26-theta10,0.04387654773092897
Loop26-theta11,0.21730921570985928
Loop26-theta12,-0.01813573085307421
Loop26-theta13,-0.09022727074176584
Loop26-theta14,0.0011341158865214584
Loop26-theta15,-0.04837572443936822
Loop26-theta16,-0.034509940908215464
Loop26-theta17,-0.03283224965958209
Loop26-theta18,0.09125538449913972
Loop26-theta19,-0.04534281186635458
Loop26-theta20,0.050736679404797945
Loop26-theta21,0.06216297219470901
Loop26-theta22,-0.15656072385760844
Loop26-theta23,0.10784052612569495
Loop26-theta24,-0.07929525716423169
Loop26-theta25,0.19911949461787448
Loop26-theta26,0.12311276722292153
Loop26-theta27,-0.255582453950853
Loop26-theta28,-0.10602921022623035
Loop26-theta29,0.09945513430435104
Loop26-theta30,0.05903832464719844
Loop26-theta31,-0.189722256732466
Loop26-theta32,0.2564290000818279
Loop26-theta33,0.19952222445910173
Loop26-theta34,-0.0737462286661964
Loop26-theta35,-0.05549141718581185
Loop26-theta36,0.08278082231463058
Loop26-theta37,0.15687042583360333
Loop26-theta38,0.1214966527594532
Loop26-theta39,0.04468006785276607
Loop26-theta40,0.22409437627108597
Loop26-theta41,0.1941345288961367
Loop26-theta42,-0.062057056113967834
Loop26-theta43,0.07605301883614007
Loop26-theta44,0.07876023497599238
Loop26-theta45,-0.2524207228615503
Loop26-theta46,0.26637130744991677
Loop26-theta47,0.009961055910322703
Loop26-theta48,0.07754350035348676
Loop26-theta49,-0.09924570769911514
Loop26-theta50,0.0013118994918724924
Loop26-theta51,0.17327767313920694
Loop26-theta52,0.2169181016286919
Loop26-theta53,-0.15054127418240182
Loop26-theta54,0.05557397991508953
Loop26-theta55,0.13373935370634998
Loop26-theta56,0.06125092207620179
Loop26-theta57,0.03836642062509321
Loop26-theta58,0.11369250924475549
Loop26-theta59,0.17261618295644654
Loop26-theta60,-0.0967165418594535
Loop26-theta61,0.06391036285122631
Loop26-theta62,0.02520670266208283
Loop26-theta63,-0.011892791391487467
Loop26-theta64,-0.13306828249956804
Loop26-theta65,-0.20715362864094033
Loop26-theta66,0.024347355179247687
Loop26-theta67,-0.029182856267500223
Loop26-theta68,0.1177940672679334
Loop26-theta69,0.0818762680449785
Loop26-theta70,-0.09270349362873753
Loop26-theta71,0.011618135101723936
Loop26-theta72,0.29739264553705824
Loop26-theta73,0.06583315476780383
Loop26-theta74,0.19062621492791965
Loop26-theta75,0.06884724113370819
Loop26-theta76,0.16804022829673532
Loop26-theta77,-0.0537452520327395
Loop26-theta78,-0.08581332423413746
Loop26-theta79,0.1657414116711753
Loop26-theta80,0.16852542893561262
Loop26-theta81,0.12735855455235445
Loop26-theta82,0.09588066389739924
Loop26-theta83,0.08327407995520653
Loop26-theta84,0.2111105927207454
Loop26-theta85,0.12377602287926481
Loop26-theta86,-0.03396346429430347
Loop26-theta87,0.2176658078940199
Loop26-theta88,0.03391383637336487
Loop26-theta89,-0.18891656287273517
Loop26-theta90,0.19888488971540563
Loop26-theta91,0.17920861367695962
Loop26-theta92,0.10940335611156149
Loop26-theta93,0.09138308949874596
Loop26-theta94,0.3280862780840512
Loop26-theta95,0.09587034544672499
Loop26-theta96,0.1494683523791952
Loop26-theta97,-0.004240212408611055
Loop26-theta98,0.014624021780220042
Loop26-theta99,0.3330692757541067
Loop27-beta_i4,-0.051106999531658204
Loop27-beta_i5,0.0329540624223571
Loop27-beta_i6,0.045729546092089235
Loop27-beta_i7,0.011054962875963081
Loop27-beta_i8,0.08113508050089491
Loop27-beta_i9,-0.010835592475007871
Loop27-beta_r2,0.003431691492615574
Loop27-beta_r3,-0.004074349131548305
Loop27-beta_r4,0.038449474327282074
Loop27-beta_r5,0.12235282016567117
Loop27-beta_r6,0.04623292463487625
Loop27-beta_r7,0.003423121943512672
Loop27-beta_r8,0.025360683830617292
Loop27-beta_r9,-0.028806211863387554
Loop27-d_k1,-0.0932391311678824
Loop27-d_k2,0.05404776097976105
Loop27-d_k3,0.07385149759591786
Loop27-d_k4,-0.034660127407796004
Loop27-theta0,0.23906268885274762
Loop27-theta1,-0.10272806846543081
Loop27-theta2,0.31085134529127406
Loop27-theta3,0.17278952658804725
Loop27-theta4,0.285744609133477
Loop27-theta5,0.019463550301846766
Loop27-theta6,-0.04340833436923697
Loop27-theta7,0.1316814136567872
Loop27-theta8,0.35656963797842156
Loop27-theta9,0.1851807827602585
Loop27-theta10,0.019245202613473456
Loop27-theta11,-0.08887308164152197
Loop27-theta12,-0.07212244382462774
Loop27-theta13,0.14075423539720333
Loop27-theta14,0.1619153490367617
Loop27-theta15,0.2046124719697917
Loop27-theta16,0.12867326405376955
Loop27-theta17,0.26625247793714135
Loop27-theta18,0.11809499036599169
Loop27-theta19,0.21403928696123853
Loop27-theta20,0.03012531046663991
Loop27-theta21,0.2994988827599887
Loop27-theta22,0.054648504243255625
Loop27-theta23,0.15193362073407102
Loop27-theta24,0.0011178136239115566
Loop27-theta25,-0.1523301551278783
Loop27-theta26,0.009071682645176882
Loop27-theta27,-0.23138617017646848
Loop27-theta28,0.11960338248708968
Loop27-theta29,-0.13217778433533078
Loop27-theta30,0.22490233069758903
Loop27-theta31,0.38618864238867734
Loop27-theta32,-0.44270482873663053
Loop27-theta33,-0.10684271358809028
Loop27-theta34,0.22232040210664256
Loop27-theta35,-0.07685175531638033
Loop27-theta36,0.005874517487752584
Loop27-theta37,0.1364446150654952
Loop27-theta38,0.009826467261985772
Loop27-theta39,0.029147083419865716
Loop27-theta40,-0.15909331603141014
Loop27-theta41,0.07534424417396723
Loop27-theta42,0.0450592660280934
Loop27-theta43,0.14487358478381107
Loop27-theta44,0.2968069086184427
Loop27-theta45,-0.034183962611988195
Loop27-theta46,-0.018230776321715325
Loop27-theta47,-0.1107346084138956
Loop27-theta48,-0.17125207142724294
Loop27-theta49,0.21658015791378138
Loop27-theta50,0.24062109588427028
Loop27-theta51,0.34976206871561144
Loop27-theta52,0.05631849334016148
Loop27-theta53,-0.03114935373632304
Loop27-theta54,0.07741357463414139
Loop27-theta55,0.1374786548734168
Loop27-theta56,0.17632171117957696
Loop27-theta57,-0.24555488424388683
Loop27-theta58,0.006709589923264536
Loop27-theta59,0.13979195447594017
Loop27-theta60,0.12630125073582055
Loop27-theta61,0.18566128455016573
Loop27-theta62,0.03424423747067329
Loop27-theta63,0.0730924251235049
Loop27-theta64,0.14726781479738604
Loop27-theta65,-0.0805544007577686
Loop27-theta66,0.04554489194104705
Loop27-theta67,-0.1381918008488936
Loop27-theta68,0.00702392853532019
Loop27-theta69,0.08174559718316066
Loop27-theta70,0.03417955382117677
Loop27-theta71,0.057900877581000376
Loop27-theta72,0.24895628544369908
Loop27-theta73,-0.049690017075789905
Loop27-theta74,0.1865990524746004
Loop27-theta75,0.23748632858566376
Loop27-theta76,-0.2759954561173539
Loop27-theta77,-0.029266488790744644
Loop27-theta78,0.27236621930602833
Loop27-theta79,0.3611167398580776
Loop27-theta80,0.0923850089347598
Loop27-theta81,-0.017625855087228137
Loop27-theta82,-0.094763861773841
Loop27-theta83,0.18940125465697621
Loop27-theta84,-0.17795208281297525
Loop27-theta85,0.12198983838875366
Loop27-theta86,0.16266122528950833
Loop27-theta87,0.265013946660994
Loop27-theta88,0.038217722421511224
Loop27-theta89,-0.3005531368365608
Loop27-theta90,0.10677055339976646
Loop27-theta91,0.18645560499859215
Loop27-theta92,-0.008842051689948782
Loop27-theta93,0.08231063624053248
Loop27-theta94,0.050502508172144744
Loop27-theta95,-0.15110694511066064
Loop27-theta96,0.1898706009462121
Loop27-theta97,-0.04479499793730479
Loop27-theta98,-0.11721005228836553
Loop27-theta99,0.141389623838875
Loop28-beta_i4,0.02806133401698918
Loop28-beta_i5,0.04403363122427595
Loop28-beta_i6,0.02677519609303783
Loop28-beta_i7,0.07460676481914594
Loop28-beta_i8,0.025776732753001685
Loop28-beta_i9,0.058027084073486446
Loop28-beta_r2,0.08612562083410213
Loop28-beta_r3,0.0330371053551457
Loop28-beta_r4,0.03622630623201739
Loop28-beta_r5,0.04826949642181577
Loop28-beta_r6,0.06556803586250659
Loop28-beta_r7,0.05712918567773351
Loop28-beta_r8,0.08804575561151268
Loop28-beta_r9,0.008713884519391923
Loop28-d_k1,0.006039359400996425
Loop28-d_k2,0.045672098052040644
Loop28-d_k3,-0.030942841680810962
Loop28-d_k4,-0.02076861577222555
Loop28-theta0,0.06817483385930875
Loop28-theta1,-0.03479288572508435
Loop28-theta2,0.09066376393009756
Loop28-theta3,0.17979359825303476
Loop28-theta4,-0.042117298114935586
Loop28-theta5,0.12305902453073883
Loop28-theta6,-0.10591108683141487
Loop28-theta7,0.19843548696054958
Loop28-theta8,0.08016402249313681
Loop28-theta9,0.4334218126328149
Loop28-theta10,0.07011700871094262
Loop28-theta11,0.06377821552761276
Loop28-theta12,0.12205060780692423
Loop28-theta13,0.06703182414035616
Loop28-theta14,0.014160708796477017
Loop28-theta15,-0.05248294514857266
Loop28-theta16,0.038000571530727556
Loop28-theta17,0.09954879717606024
Loop28-theta18,0.12134960170999975
Loop28-theta19,-0.12972170055419088
Loop28-theta20,0.09104991734646116
Loop28-theta21,0.28140162403379976
Loop28-theta22,-0.0170248476919016
Loop28-theta23,0.03415596078119543
Loop28-theta24,0.07435996014336199
Loop28-theta25,-0.09185630860374283
Loop28-theta26,0.011785525400752117
Loop28-theta27,0.06396124064853392
Loop28-theta28,-0.16782141580755916
Loop28-theta29,0.020622643188270146
Loop28-theta30,0.2776864338325762
Loop28-theta31,0.02191096210599175
Loop28-theta32,-0.044983121846107144
Loop28-theta33,-0.049056932633738226
Loop28-theta34,0.008844617816265388
Loop28-theta35,0.03421773560539715
Loop28-theta36,0.05815628331742495
Loop28-theta37,0.10744923931164627
Loop28-theta38,-0.09006672039043151
Loop28-theta39,-0.06341084338117242
Loop28-theta40,0.004716334395534982
Loop28-theta41,0.14393554286374466
Loop28-theta42,0.34944726587113073
Loop28-theta43,-0.024388717809311067
Loop28-theta44,0.187980880523263
Loop28-theta45,0.12750945446490158
Loop28-theta46,0.03315275031197307
Loop28-theta47,0.1574910130665808
Loop28-theta48,0.20879715834391338
Loop28-theta49,0.03189693938888205
Loop28-theta50,0.12477352786986967
Loop28-theta51,0.035806310534993946
Loop28-theta52,-0.1333919642367173
Loop28-theta53,0.05498320197948281
Loop28-theta54,0.3598700880284009
Loop28-theta55,-0.15550520224175735
Loop28-theta56,-0.13705140463440646
Loop28-theta57,0.24096226828905315
Loop28-theta58,0.012395709130032184
Loop28-theta59,0.02927054505290143
Loop28-theta60,-0.023388119699759624
Loop28-theta61,0.23172459837490345
Loop28-theta62,0.23343216080157525
Loop28-theta63,0.059040012641520256
Loop28-theta64,-0.10480861098441174
Loop28-theta65,0.2024879929515362
Loop28-theta66,0.02922344955089895
Loop28-theta67,0.17370842778502316
Loop28-theta68,0.2397707026908591
Loop28-theta69,0.1749021353724276
Loop28-theta70,0.11039955305328142
Loop28-theta71,0.2669239470946071
Loop28-theta72,-0.14983246422324192
Loop28-theta73,0.21977128979725302
Loop28-theta74,-0.06577265797071652
Loop28-theta75,0.09870670955555305
Loop28-theta76,0.13114571699110578
Loop28-theta77,-0.01896102784657544
Loop28-theta78,-0.07372045160064988
Loop28-theta79,0.16749609290297962
Loop28-theta80,0.3022547003150352
Loop28-theta81,0.23001599603093503
Loop28-theta82,0.17111034670387631
Loop28-theta83,0.01633201565728637
Loop28-theta84,-0.1161432271900914
Loop28-theta85,0.11191691178121554
Loop28-theta86,0.1613464707673497
Loop28-theta87,-0.036177310766631
Loop28-theta88,0.057497386808395445
Loop28-theta89,0.1714408155389
Loop28-theta90,0.19591508183138262
Loop28-theta91,0.20146431718998525
Loop28-theta92,0.14320283799064837
Loop28-theta93,-0.017166084780846358
Loop28-theta94,0.1770029830610281
Loop28-theta95,0.014559661502471233
Loop28-theta96,0.1757649327629277
Loop28-theta97,0.13016242838737496
Loop28-theta98,0.4102960969962086
Loop28-theta99,-0.08171895321356482
Loop29-beta_i4,0.020684876600564506
Loop29-beta_i5,0.03306298456419676
Loop29-beta_i6,-0.04304959624903515
Loop29-beta_i7,0.06892909179725892
Loop29-beta_i8,-0.006059128474400932
Loop29-beta_i9,-0.008963929108363522
Loop29-beta_r2,-0.018984390974495113
Loop29-beta_r3,-0.02884917408745724
Loop29-beta_r4,-0.044663527303092976
Loop29-beta_r5,0.017906029705301973
Loop29-beta_r6,-0.0031401390563552956
Loop29-beta_r7,-0.029724050627771836
Loop29-beta_r8,-0.026731168012986584
Loop29-beta_r9,-0.0645491770078572
Loop29-d_k1,0.01468969126684927
Loop29-d_k2,-0.018810860537221363
Loop29-d_k3,-0.01084494531194466
Loop29-d_k4,0.014966114582315893
Loop29-theta0,0.0764580558838579
Loop29-theta1,-0.036693330801055524
Loop29-theta2,0.10957377035245308
Loop29-theta3,0.06082959746370748
Loop29-theta4,0.10225443310450322
Loop29-theta5,-0.028431870933675274
Loop29-theta6,0.25460059454796247
Loop29-theta7,0.04473081443847751
Loop29-theta8,0.009145437945888624
Loop29-theta9,0.012380550872898799
Loop29-theta10,0.09185270692656389
Loop29-theta11,0.17032656847215089
Loop29-theta12,-0.09244646807783208
Loop29-theta13,0.16967738651412423
Loop29-theta14,-0.07942655095885187
Loop29-theta15,0.04276050389623312
Loop29-theta16,-0.004825721561048768
Loop29-theta17,-0.12053317254750961
Loop29-theta18,-0.07098432357703155
Loop29-theta19,-0.3148968427523402
Loop29-theta20,-0.0370014522607241
Loop29-theta21,-0.12417807669816872
Loop29-theta22,0.015322801559668808
Loop29-theta23,-0.03511281695513646
Loop29-theta24,-0.251266805132935
Loop29-theta25,0.021483835719069422
Loop29-theta26,0.07843727099696407
Loop29-theta27,-0.038903371450452195
Loop29-theta28,-0.04823963475171067
Loop29-theta29,0.24001602153834523
Loop29-theta30,-0.12348190156371963
Loop29-theta31,-0.008970087887764211
Loop29-theta32,-0.1541655179869288
Loop29-theta33,0.07000674082012892
Loop29-theta34,-0.01233482064364988
Loop29-theta35,0.16772890433879556
Loop29-theta36,0.2320359244251985
Loop29-theta37,0.10205464565521923
Loop29-theta38,-0.08533268595975504
Loop29-theta39,0.13260604436765866
Loop29-theta40,-0.22869800578449595
Loop29-theta41,0.017536022534946905
Loop29-theta42,0.07325982498982714
Loop29-theta43,-0.017496674432350368
Loop29-theta44,0.1446905738920954
Loop29-theta45,-0.08159568093429923
Loop29-theta46,-0.02592306284651258
Loop29-theta47,0.05367238005092645
Loop29-theta48,-0.2605228151283945
Loop29-theta49,-0.010725661115927376
Loop29-theta50,0.0422549255558069
Loop29-theta51,0.07725343734742185
Loop29-theta52,0.23201396490053494
Loop29-theta53,-0.05391726136902819
Loop29-theta54,-0.1420911747648439
Loop29-theta55,-0.03646812719664505
Loop29-theta56,0.07304345991518701
Loop29-theta57,0.27763583262941394
Loop29-theta58,-0.13309296440512947
Loop29-theta59,-0.29028692897885566
Loop29-theta60,-0.03115860745752974
Loop29-theta61,-0.03307086818996108
Loop29-theta62,0.18053822660603225
Loop29-theta63,-0.14507062842531782
Loop29-theta64,-0.01868283584160653
Loop29-theta65,-0.09729507793864456
Loop29-theta66,0.15122943949236434
Loop29-theta67,0.060175874593289214
Loop29-theta68,-0.20102048385411247
Loop29-theta69,0.0038237313750575375
Loop29-theta70,0.12153214243558741
Loop29-theta71,-7.892746260773631E-4
Loop29-theta72,0.003498760494018094
Loop29-theta73,0.14785436903199356
Loop29-theta74,-0.0801835024197739
Loop29-theta75,0.043308452427020194
Loop29-theta76,0.18945434568925035
Loop29-theta77,0.13091012965773796
Loop29-theta78,-0.07073310628888918
Loop29-theta79,0.07719085191111885
Loop29-theta80,-0.06942528002856396
Loop29-theta81,-0.014483394947195194
Loop29-theta82,-0.021561618438137753
Loop29-theta83,0.022942075303959752
Loop29-theta84,0.014178398683334592
Loop29-theta85,-0.042200336838195684
Loop29-theta86,0.04786155824120175
Loop29-theta87,-0.027127609778232697
Loop29-theta88,0.28447963643033436
Loop29-theta89,0.151497169964403
Loop29-theta90,-0.11676446867880197
Loop29-theta91,0.12442276952510944
Loop29-theta92,-0.03554806454783088
Loop29-theta93,0.18782921953397963
Loop29-theta94,0.1366710217901418
Loop29-theta95,0.015300619643201507
Loop29-theta96,-0.012592762779009503
Loop29-theta97,0.004776152987055582
Loop29-theta98,-0.08390410135459397
Loop29-theta99,-0.06364873578970953
